element,damage_top,damage_mid,damage_bot,peeq_bot,seqv_bot,z_mm
       1.,  0.00000000E+00,  0.00000000E+00,  0.00000000E+00,  0.00000000E+00,  0.40073928E+02, -0.11976790E+01
       2.,  0.00000000E+00,  0.00000000E+00,  0.00000000E+00,  0.00000000E+00,  0.42783128E+02, -0.11976790E+01
       3.,  0.00000000E+00,  0.00000000E+00,  0.00000000E+00,  0.00000000E+00,  0.43451716E+02, -0.11976790E+01
       4.,  0.00000000E+00,  0.00000000E+00,  0.00000000E+00,  0.00000000E+00,  0.38672821E+02, -0.11976790E+01
       5.,  0.00000000E+00,  0.00000000E+00,  0.00000000E+00,  0.00000000E+00,  0.31689963E+02, -0.11976790E+01
       6.,  0.00000000E+00,  0.00000000E+00,  0.00000000E+00,  0.00000000E+00,  0.28973077E+02, -0.11976790E+01
       7.,  0.00000000E+00,  0.00000000E+00,  0.00000000E+00,  0.00000000E+00,  0.33064673E+02, -0.11976790E+01
       8.,  0.00000000E+00,  0.00000000E+00,  0.00000000E+00,  0.00000000E+00,  0.36152109E+02, -0.11976790E+01
       9.,  0.00000000E+00,  0.00000000E+00,  0.00000000E+00,  0.00000000E+00,  0.34703831E+02, -0.11976790E+01
      10.,  0.00000000E+00,  0.00000000E+00,  0.00000000E+00,  0.00000000E+00,  0.36150470E+02, -0.11976790E+01
      11.,  0.00000000E+00,  0.00000000E+00,  0.00000000E+00,  0.00000000E+00,  0.45470784E+02, -0.11976790E+01
      12.,  0.00000000E+00,  0.00000000E+00,  0.00000000E+00,  0.00000000E+00,  0.55017120E+02, -0.11976790E+01
      13.,  0.00000000E+00,  0.00000000E+00,  0.00000000E+00,  0.00000000E+00,  0.59232745E+02, -0.11976790E+01
      14.,  0.00000000E+00,  0.00000000E+00,  0.00000000E+00,  0.00000000E+00,  0.57113336E+02, -0.11976790E+01
      15.,  0.00000000E+00,  0.00000000E+00,  0.00000000E+00,  0.00000000E+00,  0.51952254E+02, -0.11976790E+01
      16.,  0.00000000E+00,  0.00000000E+00,  0.00000000E+00,  0.00000000E+00,  0.47557288E+02, -0.11976790E+01
      17.,  0.00000000E+00,  0.00000000E+00,  0.00000000E+00,  0.00000000E+00,  0.40925808E+02, -0.11976790E+01
      18.,  0.00000000E+00,  0.00000000E+00,  0.00000000E+00,  0.00000000E+00,  0.42940596E+02, -0.11976790E+01
      19.,  0.00000000E+00,  0.00000000E+00,  0.00000000E+00,  0.00000000E+00,  0.47884816E+02, -0.11976790E+01
      20.,  0.00000000E+00,  0.00000000E+00,  0.00000000E+00,  0.00000000E+00,  0.58093605E+02, -0.11976790E+01
      21.,  0.00000000E+00,  0.00000000E+00,  0.00000000E+00,  0.00000000E+00,  0.69104827E+02, -0.11976790E+01
      22.,  0.00000000E+00,  0.00000000E+00,  0.00000000E+00,  0.00000000E+00,  0.77340163E+02, -0.11976790E+01
      23.,  0.00000000E+00,  0.00000000E+00,  0.00000000E+00,  0.00000000E+00,  0.80163265E+02, -0.11976790E+01
      24.,  0.00000000E+00,  0.00000000E+00,  0.00000000E+00,  0.00000000E+00,  0.77097737E+02, -0.11976790E+01
      25.,  0.00000000E+00,  0.00000000E+00,  0.00000000E+00,  0.00000000E+00,  0.69507675E+02, -0.11976790E+01
      26.,  0.00000000E+00,  0.00000000E+00,  0.00000000E+00,  0.00000000E+00,  0.59613662E+02, -0.11976790E+01
      27.,  0.00000000E+00,  0.00000000E+00,  0.00000000E+00,  0.00000000E+00,  0.49381595E+02, -0.11976790E+01
      28.,  0.00000000E+00,  0.00000000E+00,  0.00000000E+00,  0.00000000E+00,  0.39982058E+02, -0.11976790E+01
      29.,  0.00000000E+00,  0.00000000E+00,  0.00000000E+00,  0.00000000E+00,  0.31860548E+02, -0.11976790E+01
      30.,  0.00000000E+00,  0.00000000E+00,  0.00000000E+00,  0.00000000E+00,  0.25065098E+02, -0.11976790E+01
      31.,  0.00000000E+00,  0.00000000E+00,  0.00000000E+00,  0.00000000E+00,  0.19501300E+02, -0.11976790E+01
      32.,  0.00000000E+00,  0.00000000E+00,  0.00000000E+00,  0.00000000E+00,  0.15059083E+02, -0.11976790E+01
      33.,  0.00000000E+00,  0.00000000E+00,  0.00000000E+00,  0.00000000E+00,  0.11508561E+02, -0.11976790E+01
      34.,  0.00000000E+00,  0.00000000E+00,  0.00000000E+00,  0.00000000E+00,  0.88600362E+01, -0.11976790E+01
      35.,  0.00000000E+00,  0.00000000E+00,  0.00000000E+00,  0.00000000E+00,  0.81442177E+01, -0.11976790E+01
      36.,  0.00000000E+00,  0.00000000E+00,  0.00000000E+00,  0.00000000E+00,  0.10068252E+02, -0.11976790E+01
      37.,  0.00000000E+00,  0.00000000E+00,  0.00000000E+00,  0.00000000E+00,  0.13453866E+02, -0.11976790E+01
      38.,  0.00000000E+00,  0.00000000E+00,  0.00000000E+00,  0.00000000E+00,  0.16980350E+02, -0.11976790E+01
      39.,  0.00000000E+00,  0.00000000E+00,  0.00000000E+00,  0.00000000E+00,  0.19740060E+02, -0.11976790E+01
      40.,  0.00000000E+00,  0.00000000E+00,  0.00000000E+00,  0.00000000E+00,  0.21057904E+02, -0.11976790E+01
      41.,  0.00000000E+00,  0.00000000E+00,  0.00000000E+00,  0.00000000E+00,  0.20536905E+02, -0.11976790E+01
      42.,  0.00000000E+00,  0.00000000E+00,  0.00000000E+00,  0.00000000E+00,  0.18189194E+02, -0.11976790E+01
      43.,  0.00000000E+00,  0.00000000E+00,  0.00000000E+00,  0.00000000E+00,  0.14507966E+02, -0.11976790E+01
      44.,  0.00000000E+00,  0.00000000E+00,  0.00000000E+00,  0.00000000E+00,  0.10585463E+02, -0.11976790E+01
      45.,  0.00000000E+00,  0.00000000E+00,  0.00000000E+00,  0.00000000E+00,  0.86386272E+01, -0.11976790E+01
      46.,  0.00000000E+00,  0.00000000E+00,  0.00000000E+00,  0.00000000E+00,  0.10735561E+02, -0.11976790E+01
      47.,  0.00000000E+00,  0.00000000E+00,  0.00000000E+00,  0.00000000E+00,  0.15251831E+02, -0.11976790E+01
      48.,  0.00000000E+00,  0.00000000E+00,  0.00000000E+00,  0.00000000E+00,  0.20381390E+02, -0.11976790E+01
      49.,  0.00000000E+00,  0.00000000E+00,  0.00000000E+00,  0.00000000E+00,  0.25807280E+02, -0.11976790E+01
      50.,  0.00000000E+00,  0.00000000E+00,  0.00000000E+00,  0.00000000E+00,  0.32070139E+02, -0.11976790E+01
      51.,  0.00000000E+00,  0.00000000E+00,  0.00000000E+00,  0.00000000E+00,  0.39630911E+02, -0.11976790E+01
      52.,  0.00000000E+00,  0.00000000E+00,  0.00000000E+00,  0.00000000E+00,  0.48635095E+02, -0.11976790E+01
      53.,  0.00000000E+00,  0.00000000E+00,  0.00000000E+00,  0.00000000E+00,  0.59069281E+02, -0.11976790E+01
      54.,  0.00000000E+00,  0.00000000E+00,  0.00000000E+00,  0.00000000E+00,  0.70529673E+02, -0.11976790E+01
      55.,  0.00000000E+00,  0.00000000E+00,  0.00000000E+00,  0.00000000E+00,  0.81871582E+02, -0.11976790E+01
      56.,  0.00000000E+00,  0.00000000E+00,  0.00000000E+00,  0.00000000E+00,  0.91012065E+02, -0.11976790E+01
      57.,  0.00000000E+00,  0.00000000E+00,  0.00000000E+00,  0.00000000E+00,  0.95356425E+02, -0.11976790E+01
      58.,  0.00000000E+00,  0.00000000E+00,  0.00000000E+00,  0.00000000E+00,  0.92966925E+02, -0.11976790E+01
      59.,  0.00000000E+00,  0.00000000E+00,  0.00000000E+00,  0.00000000E+00,  0.83789311E+02, -0.11976790E+01
      60.,  0.00000000E+00,  0.00000000E+00,  0.00000000E+00,  0.00000000E+00,  0.70074014E+02, -0.11976790E+01
      61.,  0.00000000E+00,  0.00000000E+00,  0.00000000E+00,  0.00000000E+00,  0.55464957E+02, -0.11976790E+01
      62.,  0.00000000E+00,  0.00000000E+00,  0.00000000E+00,  0.00000000E+00,  0.44473392E+02, -0.11976790E+01
      63.,  0.00000000E+00,  0.00000000E+00,  0.00000000E+00,  0.00000000E+00,  0.38215620E+02, -0.11976790E+01
      64.,  0.00000000E+00,  0.00000000E+00,  0.00000000E+00,  0.00000000E+00,  0.42978224E+02, -0.11976790E+01
      65.,  0.00000000E+00,  0.00000000E+00,  0.00000000E+00,  0.00000000E+00,  0.81884780E+02, -0.11976790E+01
      66.,  0.00000000E+00,  0.00000000E+00,  0.00000000E+00,  0.00000000E+00,  0.67236236E+02, -0.11976790E+01
      67.,  0.00000000E+00,  0.00000000E+00,  0.00000000E+00,  0.00000000E+00,  0.50437263E+02, -0.11976790E+01
      68.,  0.00000000E+00,  0.00000000E+00,  0.00000000E+00,  0.00000000E+00,  0.45733587E+02, -0.11976790E+01
      69.,  0.00000000E+00,  0.00000000E+00,  0.00000000E+00,  0.00000000E+00,  0.47946904E+02, -0.11976790E+01
      70.,  0.00000000E+00,  0.00000000E+00,  0.00000000E+00,  0.00000000E+00,  0.44858732E+02, -0.11976790E+01
      71.,  0.00000000E+00,  0.00000000E+00,  0.00000000E+00,  0.00000000E+00,  0.29456100E+02, -0.11976790E+01
      72.,  0.00000000E+00,  0.00000000E+00,  0.00000000E+00,  0.00000000E+00,  0.25567231E+02, -0.11976790E+01
      73.,  0.00000000E+00,  0.00000000E+00,  0.00000000E+00,  0.00000000E+00,  0.51646429E+02, -0.11976790E+01
      74.,  0.00000000E+00,  0.00000000E+00,  0.00000000E+00,  0.00000000E+00,  0.68234766E+02, -0.11976790E+01
      75.,  0.00000000E+00,  0.00000000E+00,  0.00000000E+00,  0.00000000E+00,  0.65970982E+02, -0.11976790E+01
      76.,  0.00000000E+00,  0.00000000E+00,  0.00000000E+00,  0.00000000E+00,  0.53618143E+02, -0.11976790E+01
      77.,  0.00000000E+00,  0.00000000E+00,  0.00000000E+00,  0.00000000E+00,  0.45241622E+02, -0.11976790E+01
      78.,  0.00000000E+00,  0.00000000E+00,  0.00000000E+00,  0.00000000E+00,  0.50522337E+02, -0.11976790E+01
      79.,  0.00000000E+00,  0.00000000E+00,  0.00000000E+00,  0.00000000E+00,  0.63840759E+02, -0.11976790E+01
      80.,  0.00000000E+00,  0.00000000E+00,  0.00000000E+00,  0.00000000E+00,  0.65923706E+02, -0.11976790E+01
      81.,  0.00000000E+00,  0.00000000E+00,  0.00000000E+00,  0.00000000E+00,  0.82394347E+02, -0.11976790E+01
      82.,  0.00000000E+00,  0.00000000E+00,  0.00000000E+00,  0.00000000E+00,  0.79648553E+02, -0.11976790E+01
      83.,  0.00000000E+00,  0.00000000E+00,  0.00000000E+00,  0.00000000E+00,  0.81529610E+02, -0.11976790E+01
      84.,  0.00000000E+00,  0.00000000E+00,  0.00000000E+00,  0.00000000E+00,  0.77200211E+02, -0.11976790E+01
      85.,  0.00000000E+00,  0.00000000E+00,  0.00000000E+00,  0.00000000E+00,  0.70203827E+02, -0.11976790E+01
      86.,  0.00000000E+00,  0.00000000E+00,  0.00000000E+00,  0.00000000E+00,  0.61957236E+02, -0.11976790E+01
      87.,  0.00000000E+00,  0.00000000E+00,  0.00000000E+00,  0.00000000E+00,  0.55051144E+02, -0.11976790E+01
      88.,  0.00000000E+00,  0.00000000E+00,  0.00000000E+00,  0.00000000E+00,  0.50088426E+02, -0.11976790E+01
      89.,  0.00000000E+00,  0.00000000E+00,  0.00000000E+00,  0.00000000E+00,  0.45932967E+02, -0.11976790E+01
      90.,  0.00000000E+00,  0.00000000E+00,  0.00000000E+00,  0.00000000E+00,  0.41575672E+02, -0.11976790E+01
      91.,  0.00000000E+00,  0.00000000E+00,  0.00000000E+00,  0.00000000E+00,  0.37016500E+02, -0.11976790E+01
      92.,  0.00000000E+00,  0.00000000E+00,  0.00000000E+00,  0.00000000E+00,  0.32663933E+02, -0.11976790E+01
      93.,  0.00000000E+00,  0.00000000E+00,  0.00000000E+00,  0.00000000E+00,  0.28827411E+02, -0.11976790E+01
      94.,  0.00000000E+00,  0.00000000E+00,  0.00000000E+00,  0.00000000E+00,  0.25618556E+02, -0.11976790E+01
      95.,  0.00000000E+00,  0.00000000E+00,  0.00000000E+00,  0.00000000E+00,  0.23016988E+02, -0.11976790E+01
      96.,  0.00000000E+00,  0.00000000E+00,  0.00000000E+00,  0.00000000E+00,  0.20945662E+02, -0.11976790E+01
      97.,  0.00000000E+00,  0.00000000E+00,  0.00000000E+00,  0.00000000E+00,  0.19202966E+02, -0.11976790E+01
      98.,  0.00000000E+00,  0.00000000E+00,  0.00000000E+00,  0.00000000E+00,  0.17559017E+02, -0.11976790E+01
      99.,  0.00000000E+00,  0.00000000E+00,  0.00000000E+00,  0.00000000E+00,  0.15956730E+02, -0.11976790E+01
     100.,  0.00000000E+00,  0.00000000E+00,  0.00000000E+00,  0.00000000E+00,  0.14414496E+02, -0.11976790E+01
     101.,  0.00000000E+00,  0.00000000E+00,  0.00000000E+00,  0.00000000E+00,  0.12920382E+02, -0.11976790E+01
     102.,  0.00000000E+00,  0.00000000E+00,  0.00000000E+00,  0.00000000E+00,  0.11439978E+02, -0.11976790E+01
     103.,  0.00000000E+00,  0.00000000E+00,  0.00000000E+00,  0.00000000E+00,  0.10008498E+02, -0.11976790E+01
     104.,  0.00000000E+00,  0.00000000E+00,  0.00000000E+00,  0.00000000E+00,  0.89035303E+01, -0.11976790E+01
     105.,  0.00000000E+00,  0.00000000E+00,  0.00000000E+00,  0.00000000E+00,  0.86887116E+01, -0.11976790E+01
     106.,  0.00000000E+00,  0.00000000E+00,  0.00000000E+00,  0.00000000E+00,  0.97414994E+01, -0.11976790E+01
     107.,  0.00000000E+00,  0.00000000E+00,  0.00000000E+00,  0.00000000E+00,  0.11809347E+02, -0.11976790E+01
     108.,  0.00000000E+00,  0.00000000E+00,  0.00000000E+00,  0.00000000E+00,  0.14422352E+02, -0.11976790E+01
     109.,  0.00000000E+00,  0.00000000E+00,  0.00000000E+00,  0.00000000E+00,  0.17268643E+02, -0.11976790E+01
     110.,  0.00000000E+00,  0.00000000E+00,  0.00000000E+00,  0.00000000E+00,  0.20180157E+02, -0.11976790E+01
     111.,  0.00000000E+00,  0.00000000E+00,  0.00000000E+00,  0.00000000E+00,  0.23057535E+02, -0.11976790E+01
     112.,  0.00000000E+00,  0.00000000E+00,  0.00000000E+00,  0.00000000E+00,  0.25836166E+02, -0.11976790E+01
     113.,  0.00000000E+00,  0.00000000E+00,  0.00000000E+00,  0.00000000E+00,  0.28631173E+02, -0.11976790E+01
     114.,  0.00000000E+00,  0.00000000E+00,  0.00000000E+00,  0.00000000E+00,  0.31793638E+02, -0.11976790E+01
     115.,  0.00000000E+00,  0.00000000E+00,  0.00000000E+00,  0.00000000E+00,  0.35581305E+02, -0.11976790E+01
     116.,  0.00000000E+00,  0.00000000E+00,  0.00000000E+00,  0.00000000E+00,  0.40044046E+02, -0.11976790E+01
     117.,  0.00000000E+00,  0.00000000E+00,  0.00000000E+00,  0.00000000E+00,  0.45133424E+02, -0.11976790E+01
     118.,  0.00000000E+00,  0.00000000E+00,  0.00000000E+00,  0.00000000E+00,  0.50639977E+02, -0.11976790E+01
     119.,  0.00000000E+00,  0.00000000E+00,  0.00000000E+00,  0.00000000E+00,  0.56289687E+02, -0.11976790E+01
     120.,  0.00000000E+00,  0.00000000E+00,  0.00000000E+00,  0.00000000E+00,  0.62057121E+02, -0.11976790E+01
     121.,  0.00000000E+00,  0.00000000E+00,  0.00000000E+00,  0.00000000E+00,  0.68549674E+02, -0.11976790E+01
     122.,  0.00000000E+00,  0.00000000E+00,  0.00000000E+00,  0.00000000E+00,  0.76388010E+02, -0.11976790E+01
     123.,  0.00000000E+00,  0.00000000E+00,  0.00000000E+00,  0.00000000E+00,  0.84593320E+02, -0.11976790E+01
     124.,  0.00000000E+00,  0.00000000E+00,  0.00000000E+00,  0.00000000E+00,  0.90715658E+02, -0.11976790E+01
     125.,  0.00000000E+00,  0.00000000E+00,  0.00000000E+00,  0.00000000E+00,  0.93607548E+02, -0.11976790E+01
     126.,  0.00000000E+00,  0.00000000E+00,  0.00000000E+00,  0.00000000E+00,  0.92341081E+02, -0.11976790E+01
     127.,  0.00000000E+00,  0.00000000E+00,  0.00000000E+00,  0.00000000E+00,  0.93921265E+02, -0.11976790E+01
     128.,  0.00000000E+00,  0.00000000E+00,  0.00000000E+00,  0.00000000E+00,  0.70929412E+02, -0.11976790E+01
     129.,  0.00000000E+00,  0.00000000E+00,  0.00000000E+00,  0.00000000E+00,  0.70955520E+02, -0.11976790E+01
     130.,  0.00000000E+00,  0.00000000E+00,  0.00000000E+00,  0.00000000E+00,  0.54224086E+02, -0.11976790E+01
     131.,  0.00000000E+00,  0.00000000E+00,  0.00000000E+00,  0.00000000E+00,  0.39213952E+02, -0.11976790E+01
     132.,  0.00000000E+00,  0.00000000E+00,  0.00000000E+00,  0.00000000E+00,  0.28903726E+02, -0.11976790E+01
     133.,  0.00000000E+00,  0.00000000E+00,  0.00000000E+00,  0.00000000E+00,  0.32314906E+02, -0.11976790E+01
     134.,  0.00000000E+00,  0.00000000E+00,  0.00000000E+00,  0.00000000E+00,  0.33638673E+02, -0.11976790E+01
     135.,  0.00000000E+00,  0.00000000E+00,  0.00000000E+00,  0.00000000E+00,  0.23609175E+02, -0.11976790E+01
     136.,  0.00000000E+00,  0.00000000E+00,  0.00000000E+00,  0.00000000E+00,  0.34453060E+02, -0.11976790E+01
     137.,  0.00000000E+00,  0.00000000E+00,  0.00000000E+00,  0.00000000E+00,  0.68572897E+02, -0.11976790E+01
     138.,  0.00000000E+00,  0.00000000E+00,  0.00000000E+00,  0.00000000E+00,  0.89273228E+02, -0.11976790E+01
     139.,  0.00000000E+00,  0.00000000E+00,  0.00000000E+00,  0.00000000E+00,  0.92992542E+02, -0.11976790E+01
     140.,  0.00000000E+00,  0.00000000E+00,  0.00000000E+00,  0.00000000E+00,  0.89020953E+02, -0.11976790E+01
     141.,  0.00000000E+00,  0.00000000E+00,  0.00000000E+00,  0.00000000E+00,  0.90716902E+02, -0.11976790E+01
     142.,  0.00000000E+00,  0.00000000E+00,  0.00000000E+00,  0.00000000E+00,  0.93915497E+02, -0.11976790E+01
     143.,  0.00000000E+00,  0.00000000E+00,  0.00000000E+00,  0.00000000E+00,  0.99194000E+02, -0.11976790E+01
     144.,  0.00000000E+00,  0.00000000E+00,  0.00000000E+00,  0.00000000E+00,  0.11502766E+03, -0.11976790E+01
     145.,  0.00000000E+00,  0.00000000E+00,  0.00000000E+00,  0.00000000E+00,  0.89417242E+02, -0.11976790E+01
     146.,  0.00000000E+00,  0.00000000E+00,  0.00000000E+00,  0.00000000E+00,  0.10549136E+03, -0.11976790E+01
     147.,  0.00000000E+00,  0.00000000E+00,  0.00000000E+00,  0.00000000E+00,  0.94801029E+02, -0.11976790E+01
     148.,  0.00000000E+00,  0.00000000E+00,  0.00000000E+00,  0.00000000E+00,  0.86174058E+02, -0.11976790E+01
     149.,  0.00000000E+00,  0.00000000E+00,  0.00000000E+00,  0.00000000E+00,  0.72154020E+02, -0.11976790E+01
     150.,  0.00000000E+00,  0.00000000E+00,  0.00000000E+00,  0.00000000E+00,  0.56461533E+02, -0.11976790E+01
     151.,  0.00000000E+00,  0.00000000E+00,  0.00000000E+00,  0.00000000E+00,  0.43688365E+02, -0.11976790E+01
     152.,  0.00000000E+00,  0.00000000E+00,  0.00000000E+00,  0.00000000E+00,  0.36328340E+02, -0.11976790E+01
     153.,  0.00000000E+00,  0.00000000E+00,  0.00000000E+00,  0.00000000E+00,  0.32705218E+02, -0.11976790E+01
     154.,  0.00000000E+00,  0.00000000E+00,  0.00000000E+00,  0.00000000E+00,  0.30390966E+02, -0.11976790E+01
     155.,  0.00000000E+00,  0.00000000E+00,  0.00000000E+00,  0.00000000E+00,  0.28349534E+02, -0.11976790E+01
     156.,  0.00000000E+00,  0.00000000E+00,  0.00000000E+00,  0.00000000E+00,  0.26467832E+02, -0.11976790E+01
     157.,  0.00000000E+00,  0.00000000E+00,  0.00000000E+00,  0.00000000E+00,  0.24834176E+02, -0.11976790E+01
     158.,  0.00000000E+00,  0.00000000E+00,  0.00000000E+00,  0.00000000E+00,  0.23468564E+02, -0.11976790E+01
     159.,  0.00000000E+00,  0.00000000E+00,  0.00000000E+00,  0.00000000E+00,  0.22331201E+02, -0.11976790E+01
     160.,  0.00000000E+00,  0.00000000E+00,  0.00000000E+00,  0.00000000E+00,  0.21367405E+02, -0.11976790E+01
     161.,  0.00000000E+00,  0.00000000E+00,  0.00000000E+00,  0.00000000E+00,  0.20463711E+02, -0.11976790E+01
     162.,  0.00000000E+00,  0.00000000E+00,  0.00000000E+00,  0.00000000E+00,  0.19467263E+02, -0.11976790E+01
     163.,  0.00000000E+00,  0.00000000E+00,  0.00000000E+00,  0.00000000E+00,  0.18249178E+02, -0.11976790E+01
     164.,  0.00000000E+00,  0.00000000E+00,  0.00000000E+00,  0.00000000E+00,  0.16686636E+02, -0.11976790E+01
     165.,  0.00000000E+00,  0.00000000E+00,  0.00000000E+00,  0.00000000E+00,  0.14614271E+02, -0.11976790E+01
     166.,  0.00000000E+00,  0.00000000E+00,  0.00000000E+00,  0.00000000E+00,  0.11882680E+02, -0.11976790E+01
     167.,  0.00000000E+00,  0.00000000E+00,  0.00000000E+00,  0.00000000E+00,  0.85249289E+01, -0.11976790E+01
     168.,  0.00000000E+00,  0.00000000E+00,  0.00000000E+00,  0.00000000E+00,  0.52883281E+01, -0.11976790E+01
     169.,  0.00000000E+00,  0.00000000E+00,  0.00000000E+00,  0.00000000E+00,  0.51598898E+01, -0.11976790E+01
     170.,  0.00000000E+00,  0.00000000E+00,  0.00000000E+00,  0.00000000E+00,  0.86396896E+01, -0.11976790E+01
     171.,  0.00000000E+00,  0.00000000E+00,  0.00000000E+00,  0.00000000E+00,  0.12664806E+02, -0.11976790E+01
     172.,  0.00000000E+00,  0.00000000E+00,  0.00000000E+00,  0.00000000E+00,  0.16243072E+02, -0.11976790E+01
     173.,  0.00000000E+00,  0.00000000E+00,  0.00000000E+00,  0.00000000E+00,  0.19191522E+02, -0.11976790E+01
     174.,  0.00000000E+00,  0.00000000E+00,  0.00000000E+00,  0.00000000E+00,  0.21570164E+02, -0.11976790E+01
     175.,  0.00000000E+00,  0.00000000E+00,  0.00000000E+00,  0.00000000E+00,  0.23506212E+02, -0.11976790E+01
     176.,  0.00000000E+00,  0.00000000E+00,  0.00000000E+00,  0.00000000E+00,  0.25126308E+02, -0.11976790E+01
     177.,  0.00000000E+00,  0.00000000E+00,  0.00000000E+00,  0.00000000E+00,  0.26593959E+02, -0.11976790E+01
     178.,  0.00000000E+00,  0.00000000E+00,  0.00000000E+00,  0.00000000E+00,  0.28155371E+02, -0.11976790E+01
     179.,  0.00000000E+00,  0.00000000E+00,  0.00000000E+00,  0.00000000E+00,  0.29980889E+02, -0.11976790E+01
     180.,  0.00000000E+00,  0.00000000E+00,  0.00000000E+00,  0.00000000E+00,  0.32174864E+02, -0.11976790E+01
     181.,  0.00000000E+00,  0.00000000E+00,  0.00000000E+00,  0.00000000E+00,  0.34879275E+02, -0.11976790E+01
     182.,  0.00000000E+00,  0.00000000E+00,  0.00000000E+00,  0.00000000E+00,  0.38265091E+02, -0.11976790E+01
     183.,  0.00000000E+00,  0.00000000E+00,  0.00000000E+00,  0.00000000E+00,  0.42821409E+02, -0.11976790E+01
     184.,  0.00000000E+00,  0.00000000E+00,  0.00000000E+00,  0.00000000E+00,  0.49992079E+02, -0.11976790E+01
     185.,  0.00000000E+00,  0.00000000E+00,  0.00000000E+00,  0.00000000E+00,  0.61442016E+02, -0.11976790E+01
     186.,  0.00000000E+00,  0.00000000E+00,  0.00000000E+00,  0.00000000E+00,  0.76806724E+02, -0.11976790E+01
     187.,  0.00000000E+00,  0.00000000E+00,  0.00000000E+00,  0.00000000E+00,  0.92698606E+02, -0.11976790E+01
     188.,  0.00000000E+00,  0.00000000E+00,  0.00000000E+00,  0.00000000E+00,  0.10386852E+03, -0.11976790E+01
     189.,  0.00000000E+00,  0.00000000E+00,  0.00000000E+00,  0.00000000E+00,  0.10732467E+03, -0.11976790E+01
     190.,  0.00000000E+00,  0.00000000E+00,  0.00000000E+00,  0.00000000E+00,  0.10714140E+03, -0.11976790E+01
     191.,  0.00000000E+00,  0.00000000E+00,  0.00000000E+00,  0.00000000E+00,  0.10716185E+03, -0.11976790E+01
     192.,  0.00000000E+00,  0.00000000E+00,  0.00000000E+00,  0.00000000E+00,  0.14067468E+03, -0.11976790E+01
     193.,  0.00000000E+00,  0.00000000E+00,  0.00000000E+00,  0.44130605E-03,  0.16426161E+03, -0.11976790E+01
     194.,  0.00000000E+00,  0.00000000E+00,  0.00000000E+00,  0.00000000E+00,  0.12475800E+03, -0.11976790E+01
     195.,  0.00000000E+00,  0.00000000E+00,  0.00000000E+00,  0.00000000E+00,  0.86574060E+02, -0.11976790E+01
     196.,  0.00000000E+00,  0.00000000E+00,  0.00000000E+00,  0.00000000E+00,  0.74100923E+02, -0.11976790E+01
     197.,  0.00000000E+00,  0.00000000E+00,  0.00000000E+00,  0.00000000E+00,  0.53388576E+02, -0.11976790E+01
     198.,  0.00000000E+00,  0.00000000E+00,  0.00000000E+00,  0.00000000E+00,  0.27099178E+02, -0.11976790E+01
     199.,  0.00000000E+00,  0.00000000E+00,  0.00000000E+00,  0.00000000E+00,  0.29875959E+02, -0.11976790E+01
     200.,  0.00000000E+00,  0.00000000E+00,  0.00000000E+00,  0.00000000E+00,  0.68711232E+02, -0.11976790E+01
     201.,  0.00000000E+00,  0.00000000E+00,  0.00000000E+00,  0.00000000E+00,  0.94669297E+02, -0.11976790E+01
     202.,  0.00000000E+00,  0.00000000E+00,  0.00000000E+00,  0.00000000E+00,  0.10194147E+03, -0.11976790E+01
     203.,  0.00000000E+00,  0.00000000E+00,  0.00000000E+00,  0.00000000E+00,  0.95463127E+02, -0.11976790E+01
     204.,  0.00000000E+00,  0.00000000E+00,  0.00000000E+00,  0.00000000E+00,  0.94902821E+02, -0.11976790E+01
     205.,  0.00000000E+00,  0.00000000E+00,  0.00000000E+00,  0.00000000E+00,  0.97453833E+02, -0.11976790E+01
     206.,  0.00000000E+00,  0.00000000E+00,  0.00000000E+00,  0.00000000E+00,  0.10913600E+03, -0.11976790E+01
     207.,  0.00000000E+00,  0.00000000E+00,  0.00000000E+00,  0.00000000E+00,  0.11848547E+03, -0.11976790E+01
     208.,  0.00000000E+00,  0.00000000E+00,  0.00000000E+00,  0.00000000E+00,  0.10775270E+03, -0.11976790E+01
     209.,  0.00000000E+00,  0.00000000E+00,  0.00000000E+00,  0.59243792E-04,  0.15557773E+03, -0.11976790E+01
     210.,  0.00000000E+00,  0.00000000E+00,  0.00000000E+00,  0.00000000E+00,  0.11080200E+03, -0.11976790E+01
     211.,  0.00000000E+00,  0.00000000E+00,  0.00000000E+00,  0.00000000E+00,  0.10072264E+03, -0.11976790E+01
     212.,  0.00000000E+00,  0.00000000E+00,  0.00000000E+00,  0.00000000E+00,  0.88998265E+02, -0.11976790E+01
     213.,  0.00000000E+00,  0.00000000E+00,  0.00000000E+00,  0.00000000E+00,  0.72372262E+02, -0.11976790E+01
     214.,  0.00000000E+00,  0.00000000E+00,  0.00000000E+00,  0.00000000E+00,  0.53745885E+02, -0.11976790E+01
     215.,  0.00000000E+00,  0.00000000E+00,  0.00000000E+00,  0.00000000E+00,  0.37376465E+02, -0.11976790E+01
     216.,  0.00000000E+00,  0.00000000E+00,  0.00000000E+00,  0.00000000E+00,  0.27141490E+02, -0.11976790E+01
     217.,  0.00000000E+00,  0.00000000E+00,  0.00000000E+00,  0.00000000E+00,  0.22907592E+02, -0.11976790E+01
     218.,  0.00000000E+00,  0.00000000E+00,  0.00000000E+00,  0.00000000E+00,  0.21447207E+02, -0.11976790E+01
     219.,  0.00000000E+00,  0.00000000E+00,  0.00000000E+00,  0.00000000E+00,  0.20649918E+02, -0.11976790E+01
     220.,  0.00000000E+00,  0.00000000E+00,  0.00000000E+00,  0.00000000E+00,  0.20169868E+02, -0.11976790E+01
     221.,  0.00000000E+00,  0.00000000E+00,  0.00000000E+00,  0.00000000E+00,  0.19909170E+02, -0.11976790E+01
     222.,  0.00000000E+00,  0.00000000E+00,  0.00000000E+00,  0.00000000E+00,  0.19754885E+02, -0.11976790E+01
     223.,  0.00000000E+00,  0.00000000E+00,  0.00000000E+00,  0.00000000E+00,  0.19631225E+02, -0.11976790E+01
     224.,  0.00000000E+00,  0.00000000E+00,  0.00000000E+00,  0.00000000E+00,  0.19484746E+02, -0.11976790E+01
     225.,  0.00000000E+00,  0.00000000E+00,  0.00000000E+00,  0.00000000E+00,  0.19272498E+02, -0.11976790E+01
     226.,  0.00000000E+00,  0.00000000E+00,  0.00000000E+00,  0.00000000E+00,  0.18907480E+02, -0.11976790E+01
     227.,  0.00000000E+00,  0.00000000E+00,  0.00000000E+00,  0.00000000E+00,  0.18282986E+02, -0.11976790E+01
     228.,  0.00000000E+00,  0.00000000E+00,  0.00000000E+00,  0.00000000E+00,  0.17237539E+02, -0.11976790E+01
     229.,  0.00000000E+00,  0.00000000E+00,  0.00000000E+00,  0.00000000E+00,  0.15569643E+02, -0.11976790E+01
     230.,  0.00000000E+00,  0.00000000E+00,  0.00000000E+00,  0.00000000E+00,  0.13112520E+02, -0.11976790E+01
     231.,  0.00000000E+00,  0.00000000E+00,  0.00000000E+00,  0.00000000E+00,  0.99359965E+01, -0.11976790E+01
     232.,  0.00000000E+00,  0.00000000E+00,  0.00000000E+00,  0.00000000E+00,  0.68573353E+01, -0.11976790E+01
     233.,  0.00000000E+00,  0.00000000E+00,  0.00000000E+00,  0.00000000E+00,  0.63889689E+01, -0.11976790E+01
     234.,  0.00000000E+00,  0.00000000E+00,  0.00000000E+00,  0.00000000E+00,  0.93289149E+01, -0.11976790E+01
     235.,  0.00000000E+00,  0.00000000E+00,  0.00000000E+00,  0.00000000E+00,  0.13046649E+02, -0.11976790E+01
     236.,  0.00000000E+00,  0.00000000E+00,  0.00000000E+00,  0.00000000E+00,  0.16263753E+02, -0.11976790E+01
     237.,  0.00000000E+00,  0.00000000E+00,  0.00000000E+00,  0.00000000E+00,  0.18689682E+02, -0.11976790E+01
     238.,  0.00000000E+00,  0.00000000E+00,  0.00000000E+00,  0.00000000E+00,  0.20385341E+02, -0.11976790E+01
     239.,  0.00000000E+00,  0.00000000E+00,  0.00000000E+00,  0.00000000E+00,  0.21521911E+02, -0.11976790E+01
     240.,  0.00000000E+00,  0.00000000E+00,  0.00000000E+00,  0.00000000E+00,  0.22259322E+02, -0.11976790E+01
     241.,  0.00000000E+00,  0.00000000E+00,  0.00000000E+00,  0.00000000E+00,  0.22791525E+02, -0.11976790E+01
     242.,  0.00000000E+00,  0.00000000E+00,  0.00000000E+00,  0.00000000E+00,  0.23246823E+02, -0.11976790E+01
     243.,  0.00000000E+00,  0.00000000E+00,  0.00000000E+00,  0.00000000E+00,  0.23716033E+02, -0.11976790E+01
     244.,  0.00000000E+00,  0.00000000E+00,  0.00000000E+00,  0.00000000E+00,  0.24387415E+02, -0.11976790E+01
     245.,  0.00000000E+00,  0.00000000E+00,  0.00000000E+00,  0.00000000E+00,  0.25539951E+02, -0.11976790E+01
     246.,  0.00000000E+00,  0.00000000E+00,  0.00000000E+00,  0.00000000E+00,  0.27691244E+02, -0.11976790E+01
     247.,  0.00000000E+00,  0.00000000E+00,  0.00000000E+00,  0.00000000E+00,  0.31574483E+02, -0.11976790E+01
     248.,  0.00000000E+00,  0.00000000E+00,  0.00000000E+00,  0.00000000E+00,  0.38586306E+02, -0.11976790E+01
     249.,  0.00000000E+00,  0.00000000E+00,  0.00000000E+00,  0.00000000E+00,  0.51734499E+02, -0.11976790E+01
     250.,  0.00000000E+00,  0.00000000E+00,  0.00000000E+00,  0.00000000E+00,  0.72469648E+02, -0.11976790E+01
     251.,  0.00000000E+00,  0.00000000E+00,  0.00000000E+00,  0.00000000E+00,  0.94427768E+02, -0.11976790E+01
     252.,  0.00000000E+00,  0.00000000E+00,  0.00000000E+00,  0.00000000E+00,  0.11047386E+03, -0.11976790E+01
     253.,  0.00000000E+00,  0.00000000E+00,  0.00000000E+00,  0.00000000E+00,  0.11101170E+03, -0.11976790E+01
     254.,  0.00000000E+00,  0.00000000E+00,  0.00000000E+00,  0.00000000E+00,  0.87826894E+02, -0.11976790E+01
     255.,  0.00000000E+00,  0.00000000E+00,  0.00000000E+00,  0.00000000E+00,  0.53693089E+02, -0.11976790E+01
     256.,  0.00000000E+00,  0.00000000E+00,  0.00000000E+00,  0.16654313E-03,  0.12773567E+03, -0.11976790E+01
     257.,  0.00000000E+00,  0.00000000E+00,  0.00000000E+00,  0.55026854E-02,  0.21832013E+03, -0.11976790E+01
     258.,  0.00000000E+00,  0.00000000E+00,  0.00000000E+00,  0.29388772E-02,  0.20342281E+03, -0.11976790E+01
     259.,  0.00000000E+00,  0.00000000E+00,  0.00000000E+00,  0.12651104E-02,  0.19327651E+03, -0.11976790E+01
     260.,  0.00000000E+00,  0.00000000E+00,  0.00000000E+00,  0.36761963E-03,  0.18663499E+03, -0.11976790E+01
     261.,  0.00000000E+00,  0.00000000E+00,  0.00000000E+00,  0.00000000E+00,  0.15205695E+03, -0.11976790E+01
     262.,  0.00000000E+00,  0.00000000E+00,  0.00000000E+00,  0.00000000E+00,  0.86853333E+02, -0.11976790E+01
     263.,  0.00000000E+00,  0.00000000E+00,  0.00000000E+00,  0.00000000E+00,  0.49228367E+02, -0.11976790E+01
     264.,  0.00000000E+00,  0.00000000E+00,  0.00000000E+00,  0.00000000E+00,  0.11648025E+03, -0.11976790E+01
     265.,  0.00000000E+00,  0.00000000E+00,  0.00000000E+00,  0.00000000E+00,  0.16129462E+03, -0.11976790E+01
     266.,  0.00000000E+00,  0.00000000E+00,  0.00000000E+00,  0.00000000E+00,  0.12895986E+03, -0.11976790E+01
     267.,  0.00000000E+00,  0.00000000E+00,  0.00000000E+00,  0.00000000E+00,  0.98027922E+02, -0.11976790E+01
     268.,  0.00000000E+00,  0.00000000E+00,  0.00000000E+00,  0.00000000E+00,  0.13212687E+03, -0.11976790E+01
     269.,  0.00000000E+00,  0.00000000E+00,  0.00000000E+00,  0.34036079E-05,  0.17573486E+03, -0.11976790E+01
     270.,  0.00000000E+00,  0.00000000E+00,  0.00000000E+00,  0.27987093E-03,  0.18575462E+03, -0.11976790E+01
     271.,  0.00000000E+00,  0.00000000E+00,  0.00000000E+00,  0.19436591E-03,  0.17920527E+03, -0.11976790E+01
     272.,  0.00000000E+00,  0.00000000E+00,  0.00000000E+00,  0.70192853E-03,  0.18473780E+03, -0.11976790E+01
     273.,  0.00000000E+00,  0.00000000E+00,  0.00000000E+00,  0.41777924E-03,  0.16032635E+03, -0.11976790E+01
     274.,  0.00000000E+00,  0.00000000E+00,  0.00000000E+00,  0.00000000E+00,  0.87761927E+02, -0.11976790E+01
     275.,  0.00000000E+00,  0.00000000E+00,  0.00000000E+00,  0.00000000E+00,  0.10803728E+03, -0.11976790E+01
     276.,  0.00000000E+00,  0.00000000E+00,  0.00000000E+00,  0.00000000E+00,  0.10009088E+03, -0.11976790E+01
     277.,  0.00000000E+00,  0.00000000E+00,  0.00000000E+00,  0.00000000E+00,  0.89286101E+02, -0.11976790E+01
     278.,  0.00000000E+00,  0.00000000E+00,  0.00000000E+00,  0.00000000E+00,  0.68460693E+02, -0.11976790E+01
     279.,  0.00000000E+00,  0.00000000E+00,  0.00000000E+00,  0.00000000E+00,  0.50342616E+02, -0.11976790E+01
     280.,  0.00000000E+00,  0.00000000E+00,  0.00000000E+00,  0.00000000E+00,  0.33324455E+02, -0.11976790E+01
     281.,  0.00000000E+00,  0.00000000E+00,  0.00000000E+00,  0.00000000E+00,  0.19344311E+02, -0.11976790E+01
     282.,  0.00000000E+00,  0.00000000E+00,  0.00000000E+00,  0.00000000E+00,  0.14058885E+02, -0.11976790E+01
     283.,  0.00000000E+00,  0.00000000E+00,  0.00000000E+00,  0.00000000E+00,  0.13972481E+02, -0.11976790E+01
     284.,  0.00000000E+00,  0.00000000E+00,  0.00000000E+00,  0.00000000E+00,  0.14538693E+02, -0.11976790E+01
     285.,  0.00000000E+00,  0.00000000E+00,  0.00000000E+00,  0.00000000E+00,  0.15220269E+02, -0.11976790E+01
     286.,  0.00000000E+00,  0.00000000E+00,  0.00000000E+00,  0.00000000E+00,  0.15932017E+02, -0.11976790E+01
     287.,  0.00000000E+00,  0.00000000E+00,  0.00000000E+00,  0.00000000E+00,  0.16587029E+02, -0.11976790E+01
     288.,  0.00000000E+00,  0.00000000E+00,  0.00000000E+00,  0.00000000E+00,  0.17105677E+02, -0.11976790E+01
     289.,  0.00000000E+00,  0.00000000E+00,  0.00000000E+00,  0.00000000E+00,  0.17461586E+02, -0.11976790E+01
     290.,  0.00000000E+00,  0.00000000E+00,  0.00000000E+00,  0.00000000E+00,  0.17692868E+02, -0.11976790E+01
     291.,  0.00000000E+00,  0.00000000E+00,  0.00000000E+00,  0.00000000E+00,  0.17690356E+02, -0.11976790E+01
     292.,  0.00000000E+00,  0.00000000E+00,  0.00000000E+00,  0.00000000E+00,  0.17294722E+02, -0.11976790E+01
     293.,  0.00000000E+00,  0.00000000E+00,  0.00000000E+00,  0.00000000E+00,  0.16302002E+02, -0.11976790E+01
     294.,  0.00000000E+00,  0.00000000E+00,  0.00000000E+00,  0.00000000E+00,  0.14574010E+02, -0.11976790E+01
     295.,  0.00000000E+00,  0.00000000E+00,  0.00000000E+00,  0.00000000E+00,  0.12240443E+02, -0.11976790E+01
     296.,  0.00000000E+00,  0.00000000E+00,  0.00000000E+00,  0.00000000E+00,  0.10041124E+02, -0.11976790E+01
     297.,  0.00000000E+00,  0.00000000E+00,  0.00000000E+00,  0.00000000E+00,  0.94594754E+01, -0.11976790E+01
     298.,  0.00000000E+00,  0.00000000E+00,  0.00000000E+00,  0.00000000E+00,  0.11158415E+02, -0.11976790E+01
     299.,  0.00000000E+00,  0.00000000E+00,  0.00000000E+00,  0.00000000E+00,  0.13877068E+02, -0.11976790E+01
     300.,  0.00000000E+00,  0.00000000E+00,  0.00000000E+00,  0.00000000E+00,  0.16393210E+02, -0.11976790E+01
     301.,  0.00000000E+00,  0.00000000E+00,  0.00000000E+00,  0.00000000E+00,  0.18235692E+02, -0.11976790E+01
     302.,  0.00000000E+00,  0.00000000E+00,  0.00000000E+00,  0.00000000E+00,  0.19375227E+02, -0.11976790E+01
     303.,  0.00000000E+00,  0.00000000E+00,  0.00000000E+00,  0.00000000E+00,  0.19949529E+02, -0.11976790E+01
     304.,  0.00000000E+00,  0.00000000E+00,  0.00000000E+00,  0.00000000E+00,  0.20155925E+02, -0.11976790E+01
     305.,  0.00000000E+00,  0.00000000E+00,  0.00000000E+00,  0.00000000E+00,  0.20074271E+02, -0.11976790E+01
     306.,  0.00000000E+00,  0.00000000E+00,  0.00000000E+00,  0.00000000E+00,  0.19731592E+02, -0.11976790E+01
     307.,  0.00000000E+00,  0.00000000E+00,  0.00000000E+00,  0.00000000E+00,  0.19249792E+02, -0.11976790E+01
     308.,  0.00000000E+00,  0.00000000E+00,  0.00000000E+00,  0.00000000E+00,  0.18693551E+02, -0.11976790E+01
     309.,  0.00000000E+00,  0.00000000E+00,  0.00000000E+00,  0.00000000E+00,  0.18738762E+02, -0.11976790E+01
     310.,  0.00000000E+00,  0.00000000E+00,  0.00000000E+00,  0.00000000E+00,  0.21232368E+02, -0.11976790E+01
     311.,  0.00000000E+00,  0.00000000E+00,  0.00000000E+00,  0.00000000E+00,  0.27681425E+02, -0.11976790E+01
     312.,  0.00000000E+00,  0.00000000E+00,  0.00000000E+00,  0.00000000E+00,  0.33561375E+02, -0.11976790E+01
     313.,  0.00000000E+00,  0.00000000E+00,  0.00000000E+00,  0.00000000E+00,  0.41758257E+02, -0.11976790E+01
     314.,  0.00000000E+00,  0.00000000E+00,  0.00000000E+00,  0.00000000E+00,  0.62294483E+02, -0.11976790E+01
     315.,  0.00000000E+00,  0.00000000E+00,  0.00000000E+00,  0.00000000E+00,  0.93638601E+02, -0.11976790E+01
     316.,  0.00000000E+00,  0.00000000E+00,  0.00000000E+00,  0.00000000E+00,  0.13320223E+03, -0.11976790E+01
     317.,  0.00000000E+00,  0.00000000E+00,  0.00000000E+00,  0.10677173E-03,  0.18027605E+03, -0.11976790E+01
     318.,  0.00000000E+00,  0.00000000E+00,  0.00000000E+00,  0.81215994E-03,  0.18857519E+03, -0.11976790E+01
     319.,  0.00000000E+00,  0.00000000E+00,  0.00000000E+00,  0.21936696E-02,  0.19876111E+03, -0.11976790E+01
     320.,  0.00000000E+00,  0.00000000E+00,  0.00000000E+00,  0.53107791E-02,  0.21685742E+03, -0.11976790E+01
     321.,  0.00000000E+00,  0.00000000E+00,  0.00000000E+00,  0.10155518E-01,  0.24274364E+03, -0.11976790E+01
     322.,  0.00000000E+00,  0.00000000E+00,  0.00000000E+00,  0.54912477E-02,  0.21743251E+03, -0.11976790E+01
     323.,  0.00000000E+00,  0.00000000E+00,  0.00000000E+00,  0.29798099E-02,  0.20486039E+03, -0.11976790E+01
     324.,  0.00000000E+00,  0.00000000E+00,  0.00000000E+00,  0.22492777E-02,  0.19848988E+03, -0.11976790E+01
     325.,  0.00000000E+00,  0.00000000E+00,  0.00000000E+00,  0.10300113E-02,  0.18891933E+03, -0.11976790E+01
     326.,  0.00000000E+00,  0.00000000E+00,  0.00000000E+00,  0.29451277E-03,  0.17460109E+03, -0.11976790E+01
     327.,  0.00000000E+00,  0.00000000E+00,  0.00000000E+00,  0.99223073E-04,  0.14696499E+03, -0.11976790E+01
     328.,  0.00000000E+00,  0.00000000E+00,  0.00000000E+00,  0.59620623E-03,  0.18360472E+03, -0.11976790E+01
     329.,  0.00000000E+00,  0.00000000E+00,  0.00000000E+00,  0.16085643E-02,  0.19545153E+03, -0.11976790E+01
     330.,  0.00000000E+00,  0.00000000E+00,  0.00000000E+00,  0.23547433E-02,  0.20072628E+03, -0.11976790E+01
     331.,  0.00000000E+00,  0.00000000E+00,  0.00000000E+00,  0.30764394E-02,  0.20572192E+03, -0.11976790E+01
     332.,  0.00000000E+00,  0.00000000E+00,  0.00000000E+00,  0.46251040E-02,  0.21518665E+03, -0.11976790E+01
     333.,  0.00000000E+00,  0.00000000E+00,  0.00000000E+00,  0.63095365E-02,  0.22499841E+03, -0.11976790E+01
     334.,  0.00000000E+00,  0.00000000E+00,  0.00000000E+00,  0.72122897E-02,  0.23020518E+03, -0.11976790E+01
     335.,  0.00000000E+00,  0.00000000E+00,  0.00000000E+00,  0.69235219E-02,  0.22715255E+03, -0.11976790E+01
     336.,  0.00000000E+00,  0.00000000E+00,  0.00000000E+00,  0.68547056E-02,  0.22712991E+03, -0.11976790E+01
     337.,  0.00000000E+00,  0.00000000E+00,  0.00000000E+00,  0.58441474E-02,  0.21629844E+03, -0.11976790E+01
     338.,  0.00000000E+00,  0.00000000E+00,  0.00000000E+00,  0.15248976E-02,  0.19229480E+03, -0.11976790E+01
     339.,  0.00000000E+00,  0.00000000E+00,  0.00000000E+00,  0.39549152E-03,  0.18629976E+03, -0.11976790E+01
     340.,  0.00000000E+00,  0.00000000E+00,  0.00000000E+00,  0.00000000E+00,  0.15467885E+03, -0.11976790E+01
     341.,  0.00000000E+00,  0.00000000E+00,  0.00000000E+00,  0.00000000E+00,  0.11645917E+03, -0.11976790E+01
     342.,  0.00000000E+00,  0.00000000E+00,  0.00000000E+00,  0.00000000E+00,  0.11989873E+03, -0.11976790E+01
     343.,  0.00000000E+00,  0.00000000E+00,  0.00000000E+00,  0.00000000E+00,  0.13077957E+03, -0.11976790E+01
     344.,  0.00000000E+00,  0.00000000E+00,  0.00000000E+00,  0.00000000E+00,  0.10259137E+03, -0.11976790E+01
     345.,  0.00000000E+00,  0.00000000E+00,  0.00000000E+00,  0.00000000E+00,  0.49799814E+02, -0.11976790E+01
     346.,  0.00000000E+00,  0.00000000E+00,  0.00000000E+00,  0.00000000E+00,  0.14458106E+02, -0.11976790E+01
     347.,  0.00000000E+00,  0.00000000E+00,  0.00000000E+00,  0.00000000E+00,  0.88210495E+01, -0.11976790E+01
     348.,  0.00000000E+00,  0.00000000E+00,  0.00000000E+00,  0.00000000E+00,  0.11385266E+02, -0.11976790E+01
     349.,  0.00000000E+00,  0.00000000E+00,  0.00000000E+00,  0.00000000E+00,  0.13351809E+02, -0.11976790E+01
     350.,  0.00000000E+00,  0.00000000E+00,  0.00000000E+00,  0.00000000E+00,  0.14705262E+02, -0.11976790E+01
     351.,  0.00000000E+00,  0.00000000E+00,  0.00000000E+00,  0.00000000E+00,  0.15720627E+02, -0.11976790E+01
     352.,  0.00000000E+00,  0.00000000E+00,  0.00000000E+00,  0.00000000E+00,  0.16578732E+02, -0.11976790E+01
     353.,  0.00000000E+00,  0.00000000E+00,  0.00000000E+00,  0.00000000E+00,  0.17227490E+02, -0.11976790E+01
     354.,  0.00000000E+00,  0.00000000E+00,  0.00000000E+00,  0.00000000E+00,  0.17647713E+02, -0.11976790E+01
     355.,  0.00000000E+00,  0.00000000E+00,  0.00000000E+00,  0.00000000E+00,  0.17947564E+02, -0.11976790E+01
     356.,  0.00000000E+00,  0.00000000E+00,  0.00000000E+00,  0.00000000E+00,  0.17948331E+02, -0.11976790E+01
     357.,  0.00000000E+00,  0.00000000E+00,  0.00000000E+00,  0.00000000E+00,  0.17487537E+02, -0.11976790E+01
     358.,  0.00000000E+00,  0.00000000E+00,  0.00000000E+00,  0.00000000E+00,  0.16493004E+02, -0.11976790E+01
     359.,  0.00000000E+00,  0.00000000E+00,  0.00000000E+00,  0.00000000E+00,  0.15115579E+02, -0.11976790E+01
     360.,  0.00000000E+00,  0.00000000E+00,  0.00000000E+00,  0.00000000E+00,  0.13817740E+02, -0.11976790E+01
     361.,  0.00000000E+00,  0.00000000E+00,  0.00000000E+00,  0.00000000E+00,  0.13246301E+02, -0.11976790E+01
     362.,  0.00000000E+00,  0.00000000E+00,  0.00000000E+00,  0.00000000E+00,  0.13758457E+02, -0.11976790E+01
     363.,  0.00000000E+00,  0.00000000E+00,  0.00000000E+00,  0.00000000E+00,  0.15045584E+02, -0.11976790E+01
     364.,  0.00000000E+00,  0.00000000E+00,  0.00000000E+00,  0.00000000E+00,  0.16482308E+02, -0.11976790E+01
     365.,  0.00000000E+00,  0.00000000E+00,  0.00000000E+00,  0.00000000E+00,  0.17642628E+02, -0.11976790E+01
     366.,  0.00000000E+00,  0.00000000E+00,  0.00000000E+00,  0.00000000E+00,  0.18410324E+02, -0.11976790E+01
     367.,  0.00000000E+00,  0.00000000E+00,  0.00000000E+00,  0.00000000E+00,  0.18857780E+02, -0.11976790E+01
     368.,  0.00000000E+00,  0.00000000E+00,  0.00000000E+00,  0.00000000E+00,  0.19033396E+02, -0.11976790E+01
     369.,  0.00000000E+00,  0.00000000E+00,  0.00000000E+00,  0.00000000E+00,  0.19018046E+02, -0.11976790E+01
     370.,  0.00000000E+00,  0.00000000E+00,  0.00000000E+00,  0.00000000E+00,  0.19191992E+02, -0.11976790E+01
     371.,  0.00000000E+00,  0.00000000E+00,  0.00000000E+00,  0.00000000E+00,  0.19472266E+02, -0.11976790E+01
     372.,  0.00000000E+00,  0.00000000E+00,  0.00000000E+00,  0.00000000E+00,  0.20304882E+02, -0.11976790E+01
     373.,  0.00000000E+00,  0.00000000E+00,  0.00000000E+00,  0.00000000E+00,  0.23508766E+02, -0.11976790E+01
     374.,  0.00000000E+00,  0.00000000E+00,  0.00000000E+00,  0.00000000E+00,  0.40464420E+02, -0.11976790E+01
     375.,  0.00000000E+00,  0.00000000E+00,  0.00000000E+00,  0.00000000E+00,  0.87942598E+02, -0.11976790E+01
     376.,  0.00000000E+00,  0.00000000E+00,  0.00000000E+00,  0.00000000E+00,  0.14204599E+03, -0.11976790E+01
     377.,  0.00000000E+00,  0.00000000E+00,  0.00000000E+00,  0.00000000E+00,  0.17430572E+03, -0.11976790E+01
     378.,  0.00000000E+00,  0.00000000E+00,  0.00000000E+00,  0.95854962E-04,  0.18542575E+03, -0.11976790E+01
     379.,  0.00000000E+00,  0.00000000E+00,  0.00000000E+00,  0.27169075E-03,  0.18657128E+03, -0.11976790E+01
     380.,  0.00000000E+00,  0.00000000E+00,  0.00000000E+00,  0.59282665E-03,  0.18856559E+03, -0.11976790E+01
     381.,  0.00000000E+00,  0.00000000E+00,  0.00000000E+00,  0.12771869E-02,  0.19345010E+03, -0.11976790E+01
     382.,  0.00000000E+00,  0.00000000E+00,  0.00000000E+00,  0.26853926E-02,  0.20031337E+03, -0.11976790E+01
     383.,  0.00000000E+00,  0.00000000E+00,  0.00000000E+00,  0.44882554E-02,  0.21392881E+03, -0.11976790E+01
     384.,  0.00000000E+00,  0.00000000E+00,  0.00000000E+00,  0.92884590E-02,  0.23941335E+03, -0.11976790E+01
     385.,  0.00000000E+00,  0.00000000E+00,  0.00000000E+00,  0.49510454E-01,  0.34464093E+03, -0.11976790E+01
     386.,  0.00000000E+00,  0.00000000E+00,  0.00000000E+00,  0.57108973E-01,  0.35810932E+03, -0.11976790E+01
     387.,  0.00000000E+00,  0.00000000E+00,  0.00000000E+00,  0.64394212E-01,  0.37007048E+03, -0.11976790E+01
     388.,  0.00000000E+00,  0.00000000E+00,  0.00000000E+00,  0.66693364E-01,  0.37368807E+03, -0.11976790E+01
     389.,  0.00000000E+00,  0.00000000E+00,  0.00000000E+00,  0.59409358E-01,  0.36094080E+03, -0.11976790E+01
     390.,  0.00000000E+00,  0.00000000E+00,  0.00000000E+00,  0.41090773E-01,  0.32791801E+03, -0.11976790E+01
     391.,  0.00000000E+00,  0.00000000E+00,  0.00000000E+00,  0.18773142E-01,  0.27550757E+03, -0.11976790E+01
     392.,  0.00000000E+00,  0.00000000E+00,  0.00000000E+00,  0.87936515E-02,  0.22286984E+03, -0.11976790E+01
     393.,  0.00000000E+00,  0.00000000E+00,  0.00000000E+00,  0.27252975E-01,  0.30213952E+03, -0.11976790E+01
     394.,  0.00000000E+00,  0.00000000E+00,  0.00000000E+00,  0.48914809E-01,  0.34454927E+03, -0.11976790E+01
     395.,  0.00000000E+00,  0.00000000E+00,  0.00000000E+00,  0.65330116E-01,  0.37149159E+03, -0.11976790E+01
     396.,  0.00000000E+00,  0.00000000E+00,  0.00000000E+00,  0.79742689E-01,  0.39371017E+03, -0.11976790E+01
     397.,  0.00000000E+00,  0.00000000E+00,  0.00000000E+00,  0.87536668E-01,  0.40534083E+03, -0.11976790E+01
     398.,  0.00000000E+00,  0.00000000E+00,  0.00000000E+00,  0.84902514E-01,  0.40137958E+03, -0.11976790E+01
     399.,  0.00000000E+00,  0.00000000E+00,  0.00000000E+00,  0.75668341E-01,  0.38764876E+03, -0.11976790E+01
     400.,  0.00000000E+00,  0.00000000E+00,  0.00000000E+00,  0.62917495E-01,  0.36698198E+03, -0.11976790E+01
     401.,  0.00000000E+00,  0.00000000E+00,  0.00000000E+00,  0.52271049E-01,  0.34960329E+03, -0.11976790E+01
     402.,  0.00000000E+00,  0.00000000E+00,  0.00000000E+00,  0.44390967E-01,  0.33622509E+03, -0.11976790E+01
     403.,  0.00000000E+00,  0.00000000E+00,  0.00000000E+00,  0.32866901E-01,  0.31492432E+03, -0.11976790E+01
     404.,  0.00000000E+00,  0.00000000E+00,  0.00000000E+00,  0.20414830E-01,  0.28453952E+03, -0.11976790E+01
     405.,  0.00000000E+00,  0.00000000E+00,  0.00000000E+00,  0.10748988E-01,  0.24724739E+03, -0.11976790E+01
     406.,  0.00000000E+00,  0.00000000E+00,  0.00000000E+00,  0.53327280E-02,  0.21937042E+03, -0.11976790E+01
     407.,  0.00000000E+00,  0.00000000E+00,  0.00000000E+00,  0.23222426E-02,  0.20053974E+03, -0.11976790E+01
     408.,  0.00000000E+00,  0.00000000E+00,  0.00000000E+00,  0.51825651E-03,  0.18759483E+03, -0.11976790E+01
     409.,  0.00000000E+00,  0.00000000E+00,  0.00000000E+00,  0.00000000E+00,  0.11974112E+03, -0.11976790E+01
     410.,  0.00000000E+00,  0.00000000E+00,  0.00000000E+00,  0.00000000E+00,  0.43159151E+02, -0.11976790E+01
     411.,  0.00000000E+00,  0.00000000E+00,  0.00000000E+00,  0.00000000E+00,  0.13573562E+02, -0.11976790E+01
     412.,  0.00000000E+00,  0.00000000E+00,  0.00000000E+00,  0.00000000E+00,  0.10820020E+02, -0.11976790E+01
     413.,  0.00000000E+00,  0.00000000E+00,  0.00000000E+00,  0.00000000E+00,  0.13057018E+02, -0.11976790E+01
     414.,  0.00000000E+00,  0.00000000E+00,  0.00000000E+00,  0.00000000E+00,  0.14415418E+02, -0.11976790E+01
     415.,  0.00000000E+00,  0.00000000E+00,  0.00000000E+00,  0.00000000E+00,  0.15291219E+02, -0.11976790E+01
     416.,  0.00000000E+00,  0.00000000E+00,  0.00000000E+00,  0.00000000E+00,  0.15891659E+02, -0.11976790E+01
     417.,  0.00000000E+00,  0.00000000E+00,  0.00000000E+00,  0.00000000E+00,  0.16609344E+02, -0.11976790E+01
     418.,  0.00000000E+00,  0.00000000E+00,  0.00000000E+00,  0.00000000E+00,  0.17356573E+02, -0.11976790E+01
     419.,  0.00000000E+00,  0.00000000E+00,  0.00000000E+00,  0.00000000E+00,  0.17945149E+02, -0.11976790E+01
     420.,  0.00000000E+00,  0.00000000E+00,  0.00000000E+00,  0.00000000E+00,  0.18255231E+02, -0.11976790E+01
     421.,  0.00000000E+00,  0.00000000E+00,  0.00000000E+00,  0.00000000E+00,  0.18199999E+02, -0.11976790E+01
     422.,  0.00000000E+00,  0.00000000E+00,  0.00000000E+00,  0.00000000E+00,  0.17801794E+02, -0.11976790E+01
     423.,  0.00000000E+00,  0.00000000E+00,  0.00000000E+00,  0.00000000E+00,  0.17233600E+02, -0.11976790E+01
     424.,  0.00000000E+00,  0.00000000E+00,  0.00000000E+00,  0.00000000E+00,  0.16728468E+02, -0.11976790E+01
     425.,  0.00000000E+00,  0.00000000E+00,  0.00000000E+00,  0.00000000E+00,  0.16448116E+02, -0.11976790E+01
     426.,  0.00000000E+00,  0.00000000E+00,  0.00000000E+00,  0.00000000E+00,  0.16498792E+02, -0.11976790E+01
     427.,  0.00000000E+00,  0.00000000E+00,  0.00000000E+00,  0.00000000E+00,  0.16922780E+02, -0.11976790E+01
     428.,  0.00000000E+00,  0.00000000E+00,  0.00000000E+00,  0.00000000E+00,  0.17590409E+02, -0.11976790E+01
     429.,  0.00000000E+00,  0.00000000E+00,  0.00000000E+00,  0.00000000E+00,  0.18271337E+02, -0.11976790E+01
     430.,  0.00000000E+00,  0.00000000E+00,  0.00000000E+00,  0.00000000E+00,  0.18813180E+02, -0.11976790E+01
     431.,  0.00000000E+00,  0.00000000E+00,  0.00000000E+00,  0.00000000E+00,  0.19189840E+02, -0.11976790E+01
     432.,  0.00000000E+00,  0.00000000E+00,  0.00000000E+00,  0.00000000E+00,  0.19546737E+02, -0.11976790E+01
     433.,  0.00000000E+00,  0.00000000E+00,  0.00000000E+00,  0.00000000E+00,  0.20117582E+02, -0.11976790E+01
     434.,  0.00000000E+00,  0.00000000E+00,  0.00000000E+00,  0.00000000E+00,  0.20493094E+02, -0.11976790E+01
     435.,  0.00000000E+00,  0.00000000E+00,  0.00000000E+00,  0.00000000E+00,  0.21443127E+02, -0.11976790E+01
     436.,  0.00000000E+00,  0.00000000E+00,  0.00000000E+00,  0.00000000E+00,  0.24700054E+02, -0.11976790E+01
     437.,  0.00000000E+00,  0.00000000E+00,  0.00000000E+00,  0.00000000E+00,  0.38812403E+02, -0.11976790E+01
     438.,  0.00000000E+00,  0.00000000E+00,  0.00000000E+00,  0.00000000E+00,  0.83785023E+02, -0.11976790E+01
     439.,  0.00000000E+00,  0.00000000E+00,  0.00000000E+00,  0.12238176E-03,  0.17046369E+03, -0.11976790E+01
     440.,  0.00000000E+00,  0.00000000E+00,  0.00000000E+00,  0.16913737E-02,  0.19596653E+03, -0.11976790E+01
     441.,  0.00000000E+00,  0.00000000E+00,  0.00000000E+00,  0.57282114E-02,  0.22148270E+03, -0.11976790E+01
     442.,  0.00000000E+00,  0.00000000E+00,  0.00000000E+00,  0.12616931E-01,  0.25635856E+03, -0.11976790E+01
     443.,  0.00000000E+00,  0.00000000E+00,  0.00000000E+00,  0.22899563E-01,  0.29367968E+03, -0.11976790E+01
     444.,  0.00000000E+00,  0.00000000E+00,  0.00000000E+00,  0.36132326E-01,  0.32246456E+03, -0.11976790E+01
     445.,  0.00000000E+00,  0.00000000E+00,  0.00000000E+00,  0.46788731E-01,  0.34104877E+03, -0.11976790E+01
     446.,  0.00000000E+00,  0.00000000E+00,  0.00000000E+00,  0.50437351E-01,  0.34730239E+03, -0.11976790E+01
     447.,  0.00000000E+00,  0.00000000E+00,  0.00000000E+00,  0.49721675E-01,  0.34599032E+03, -0.11976790E+01
     448.,  0.00000000E+00,  0.00000000E+00,  0.00000000E+00,  0.47816300E-01,  0.34235649E+03, -0.11976790E+01
     449.,  0.00000000E+00,  0.00000000E+00,  0.00000000E+00,  0.30838028E-02,  0.18521769E+03, -0.11976790E+01
     450.,  0.00000000E+00,  0.00000000E+00,  0.00000000E+00,  0.55661132E-02,  0.21750604E+03, -0.11976790E+01
     451.,  0.00000000E+00,  0.00000000E+00,  0.00000000E+00,  0.13188789E-01,  0.25474498E+03, -0.11976790E+01
     452.,  0.00000000E+00,  0.00000000E+00,  0.00000000E+00,  0.26731893E-01,  0.30341631E+03, -0.11976790E+01
     453.,  0.00000000E+00,  0.00000000E+00,  0.00000000E+00,  0.39357964E-01,  0.32689293E+03, -0.11976790E+01
     454.,  0.00000000E+00,  0.00000000E+00,  0.00000000E+00,  0.45829332E-01,  0.33862030E+03, -0.11976790E+01
     455.,  0.00000000E+00,  0.00000000E+00,  0.00000000E+00,  0.33143451E-01,  0.31553008E+03, -0.11976790E+01
     456.,  0.00000000E+00,  0.00000000E+00,  0.00000000E+00,  0.16597673E-01,  0.25829437E+03, -0.11976790E+01
     457.,  0.00000000E+00,  0.00000000E+00,  0.00000000E+00,  0.19975113E-01,  0.28019320E+03, -0.11976790E+01
     458.,  0.00000000E+00,  0.00000000E+00,  0.00000000E+00,  0.28983714E-01,  0.30954181E+03, -0.11976790E+01
     459.,  0.00000000E+00,  0.00000000E+00,  0.00000000E+00,  0.29952456E-01,  0.31079032E+03, -0.11976790E+01
     460.,  0.00000000E+00,  0.00000000E+00,  0.00000000E+00,  0.22794624E-01,  0.29275942E+03, -0.11976790E+01
     461.,  0.00000000E+00,  0.00000000E+00,  0.00000000E+00,  0.13253970E-01,  0.25560128E+03, -0.11976790E+01
     462.,  0.00000000E+00,  0.00000000E+00,  0.00000000E+00,  0.64119045E-02,  0.22162323E+03, -0.11976790E+01
     463.,  0.00000000E+00,  0.00000000E+00,  0.00000000E+00,  0.30607387E-02,  0.19275124E+03, -0.11976790E+01
     464.,  0.00000000E+00,  0.00000000E+00,  0.00000000E+00,  0.55324595E-02,  0.19149534E+03, -0.11976790E+01
     465.,  0.00000000E+00,  0.00000000E+00,  0.00000000E+00,  0.14716645E-01,  0.25247546E+03, -0.11976790E+01
     466.,  0.00000000E+00,  0.00000000E+00,  0.00000000E+00,  0.22214791E-01,  0.29015011E+03, -0.11976790E+01
     467.,  0.00000000E+00,  0.00000000E+00,  0.00000000E+00,  0.26917729E-01,  0.30530458E+03, -0.11976790E+01
     468.,  0.00000000E+00,  0.00000000E+00,  0.00000000E+00,  0.24371582E-01,  0.29789698E+03, -0.11976790E+01
     469.,  0.00000000E+00,  0.00000000E+00,  0.00000000E+00,  0.15015514E-01,  0.26596363E+03, -0.11976790E+01
     470.,  0.00000000E+00,  0.00000000E+00,  0.00000000E+00,  0.64863688E-02,  0.22541538E+03, -0.11976790E+01
     471.,  0.00000000E+00,  0.00000000E+00,  0.00000000E+00,  0.22939227E-02,  0.19997704E+03, -0.11976790E+01
     472.,  0.00000000E+00,  0.00000000E+00,  0.00000000E+00,  0.59617020E-03,  0.18861464E+03, -0.11976790E+01
     473.,  0.00000000E+00,  0.00000000E+00,  0.00000000E+00,  0.00000000E+00,  0.14135046E+03, -0.11976790E+01
     474.,  0.00000000E+00,  0.00000000E+00,  0.00000000E+00,  0.00000000E+00,  0.61867458E+02, -0.11976790E+01
     475.,  0.00000000E+00,  0.00000000E+00,  0.00000000E+00,  0.00000000E+00,  0.23734431E+02, -0.11976790E+01
     476.,  0.00000000E+00,  0.00000000E+00,  0.00000000E+00,  0.00000000E+00,  0.12019113E+02, -0.11976790E+01
     477.,  0.00000000E+00,  0.00000000E+00,  0.00000000E+00,  0.00000000E+00,  0.10802849E+02, -0.11976790E+01
     478.,  0.00000000E+00,  0.00000000E+00,  0.00000000E+00,  0.00000000E+00,  0.11552648E+02, -0.11976790E+01
     479.,  0.00000000E+00,  0.00000000E+00,  0.00000000E+00,  0.00000000E+00,  0.12056526E+02, -0.11976790E+01
     480.,  0.00000000E+00,  0.00000000E+00,  0.00000000E+00,  0.00000000E+00,  0.12371793E+02, -0.11976790E+01
     481.,  0.00000000E+00,  0.00000000E+00,  0.00000000E+00,  0.00000000E+00,  0.13277472E+02, -0.11976790E+01
     482.,  0.00000000E+00,  0.00000000E+00,  0.00000000E+00,  0.00000000E+00,  0.14784684E+02, -0.11976790E+01
     483.,  0.00000000E+00,  0.00000000E+00,  0.00000000E+00,  0.00000000E+00,  0.16072290E+02, -0.11976790E+01
     484.,  0.00000000E+00,  0.00000000E+00,  0.00000000E+00,  0.00000000E+00,  0.17065729E+02, -0.11976790E+01
     485.,  0.00000000E+00,  0.00000000E+00,  0.00000000E+00,  0.00000000E+00,  0.17742631E+02, -0.11976790E+01
     486.,  0.00000000E+00,  0.00000000E+00,  0.00000000E+00,  0.00000000E+00,  0.18196356E+02, -0.11976790E+01
     487.,  0.00000000E+00,  0.00000000E+00,  0.00000000E+00,  0.00000000E+00,  0.18578657E+02, -0.11976790E+01
     488.,  0.00000000E+00,  0.00000000E+00,  0.00000000E+00,  0.00000000E+00,  0.18908495E+02, -0.11976790E+01
     489.,  0.00000000E+00,  0.00000000E+00,  0.00000000E+00,  0.00000000E+00,  0.19052560E+02, -0.11976790E+01
     490.,  0.00000000E+00,  0.00000000E+00,  0.00000000E+00,  0.00000000E+00,  0.18988671E+02, -0.11976790E+01
     491.,  0.00000000E+00,  0.00000000E+00,  0.00000000E+00,  0.00000000E+00,  0.18901918E+02, -0.11976790E+01
     492.,  0.00000000E+00,  0.00000000E+00,  0.00000000E+00,  0.00000000E+00,  0.18941071E+02, -0.11976790E+01
     493.,  0.00000000E+00,  0.00000000E+00,  0.00000000E+00,  0.00000000E+00,  0.19051730E+02, -0.11976790E+01
     494.,  0.00000000E+00,  0.00000000E+00,  0.00000000E+00,  0.00000000E+00,  0.19078529E+02, -0.11976790E+01
     495.,  0.00000000E+00,  0.00000000E+00,  0.00000000E+00,  0.00000000E+00,  0.18924868E+02, -0.11976790E+01
     496.,  0.00000000E+00,  0.00000000E+00,  0.00000000E+00,  0.00000000E+00,  0.18461075E+02, -0.11976790E+01
     497.,  0.00000000E+00,  0.00000000E+00,  0.00000000E+00,  0.00000000E+00,  0.18419054E+02, -0.11976790E+01
     498.,  0.00000000E+00,  0.00000000E+00,  0.00000000E+00,  0.00000000E+00,  0.19265437E+02, -0.11976790E+01
     499.,  0.00000000E+00,  0.00000000E+00,  0.00000000E+00,  0.00000000E+00,  0.20845322E+02, -0.11976790E+01
     500.,  0.00000000E+00,  0.00000000E+00,  0.00000000E+00,  0.00000000E+00,  0.26002877E+02, -0.11976790E+01
     501.,  0.00000000E+00,  0.00000000E+00,  0.00000000E+00,  0.00000000E+00,  0.42993586E+02, -0.11976790E+01
     502.,  0.00000000E+00,  0.00000000E+00,  0.00000000E+00,  0.00000000E+00,  0.87793880E+02, -0.11976790E+01
     503.,  0.00000000E+00,  0.00000000E+00,  0.00000000E+00,  0.76277029E-04,  0.17422726E+03, -0.11976790E+01
     504.,  0.00000000E+00,  0.00000000E+00,  0.00000000E+00,  0.11619085E-02,  0.19284191E+03, -0.11976790E+01
     505.,  0.00000000E+00,  0.00000000E+00,  0.00000000E+00,  0.39513339E-02,  0.21076157E+03, -0.11976790E+01
     506.,  0.00000000E+00,  0.00000000E+00,  0.00000000E+00,  0.10016078E-01,  0.24404396E+03, -0.11976790E+01
     507.,  0.00000000E+00,  0.00000000E+00,  0.00000000E+00,  0.19062812E-01,  0.28167405E+03, -0.11976790E+01
     508.,  0.00000000E+00,  0.00000000E+00,  0.00000000E+00,  0.24225508E-01,  0.29746213E+03, -0.11976790E+01
     509.,  0.00000000E+00,  0.00000000E+00,  0.00000000E+00,  0.20324426E-01,  0.28333738E+03, -0.11976790E+01
     510.,  0.00000000E+00,  0.00000000E+00,  0.00000000E+00,  0.12449543E-01,  0.24839666E+03, -0.11976790E+01
     511.,  0.00000000E+00,  0.00000000E+00,  0.00000000E+00,  0.68099982E-02,  0.20299819E+03, -0.11976790E+01
     512.,  0.00000000E+00,  0.00000000E+00,  0.00000000E+00,  0.35598071E-02,  0.19916623E+03, -0.11976790E+01
     513.,  0.00000000E+00,  0.00000000E+00,  0.00000000E+00,  0.76823584E-03,  0.17498049E+03, -0.11976790E+01
     514.,  0.00000000E+00,  0.00000000E+00,  0.00000000E+00,  0.70450560E-03,  0.14257436E+03, -0.11976790E+01
     515.,  0.00000000E+00,  0.00000000E+00,  0.00000000E+00,  0.55516408E-02,  0.22014094E+03, -0.11976790E+01
     516.,  0.00000000E+00,  0.00000000E+00,  0.00000000E+00,  0.14577166E-01,  0.26131239E+03, -0.11976790E+01
     517.,  0.00000000E+00,  0.00000000E+00,  0.00000000E+00,  0.25565481E-01,  0.30095372E+03, -0.11976790E+01
     518.,  0.00000000E+00,  0.00000000E+00,  0.00000000E+00,  0.38732055E-01,  0.32488469E+03, -0.11976790E+01
     519.,  0.00000000E+00,  0.00000000E+00,  0.00000000E+00,  0.42250067E-01,  0.33281332E+03, -0.11976790E+01
     520.,  0.00000000E+00,  0.00000000E+00,  0.00000000E+00,  0.27413614E-01,  0.29634310E+03, -0.11976790E+01
     521.,  0.00000000E+00,  0.00000000E+00,  0.00000000E+00,  0.22775560E-01,  0.28313219E+03, -0.11976790E+01
     522.,  0.00000000E+00,  0.00000000E+00,  0.00000000E+00,  0.26463834E-01,  0.30325322E+03, -0.11976790E+01
     523.,  0.00000000E+00,  0.00000000E+00,  0.00000000E+00,  0.22303411E-01,  0.29192849E+03, -0.11976790E+01
     524.,  0.00000000E+00,  0.00000000E+00,  0.00000000E+00,  0.12656940E-01,  0.25488710E+03, -0.11976790E+01
     525.,  0.00000000E+00,  0.00000000E+00,  0.00000000E+00,  0.53353863E-02,  0.21937097E+03, -0.11976790E+01
     526.,  0.00000000E+00,  0.00000000E+00,  0.00000000E+00,  0.31946711E-02,  0.20463773E+03, -0.11976790E+01
     527.,  0.00000000E+00,  0.00000000E+00,  0.00000000E+00,  0.41124661E-02,  0.20389284E+03, -0.11976790E+01
     528.,  0.00000000E+00,  0.00000000E+00,  0.00000000E+00,  0.42483934E-02,  0.21013313E+03, -0.11976790E+01
     529.,  0.00000000E+00,  0.00000000E+00,  0.00000000E+00,  0.30287227E-02,  0.20498260E+03, -0.11976790E+01
     530.,  0.00000000E+00,  0.00000000E+00,  0.00000000E+00,  0.83614450E-02,  0.23130873E+03, -0.11976790E+01
     531.,  0.00000000E+00,  0.00000000E+00,  0.00000000E+00,  0.16566803E-01,  0.27178690E+03, -0.11976790E+01
     532.,  0.00000000E+00,  0.00000000E+00,  0.00000000E+00,  0.21471702E-01,  0.28993440E+03, -0.11976790E+01
     533.,  0.00000000E+00,  0.00000000E+00,  0.00000000E+00,  0.17179162E-01,  0.27484002E+03, -0.11976790E+01
     534.,  0.00000000E+00,  0.00000000E+00,  0.00000000E+00,  0.87532320E-02,  0.23738073E+03, -0.11976790E+01
     535.,  0.00000000E+00,  0.00000000E+00,  0.00000000E+00,  0.31597884E-02,  0.20497214E+03, -0.11976790E+01
     536.,  0.00000000E+00,  0.00000000E+00,  0.00000000E+00,  0.75979992E-03,  0.18982449E+03, -0.11976790E+01
     537.,  0.00000000E+00,  0.00000000E+00,  0.00000000E+00,  0.00000000E+00,  0.15745548E+03, -0.11976790E+01
     538.,  0.00000000E+00,  0.00000000E+00,  0.00000000E+00,  0.00000000E+00,  0.71347577E+02, -0.11976790E+01
     539.,  0.00000000E+00,  0.00000000E+00,  0.00000000E+00,  0.00000000E+00,  0.31032559E+02, -0.11976790E+01
     540.,  0.00000000E+00,  0.00000000E+00,  0.00000000E+00,  0.00000000E+00,  0.15091508E+02, -0.11976790E+01
     541.,  0.00000000E+00,  0.00000000E+00,  0.00000000E+00,  0.00000000E+00,  0.10813252E+02, -0.11976790E+01
     542.,  0.00000000E+00,  0.00000000E+00,  0.00000000E+00,  0.00000000E+00,  0.97811480E+01, -0.11976790E+01
     543.,  0.00000000E+00,  0.00000000E+00,  0.00000000E+00,  0.00000000E+00,  0.95585919E+01, -0.11976790E+01
     544.,  0.00000000E+00,  0.00000000E+00,  0.00000000E+00,  0.00000000E+00,  0.90469433E+01, -0.11976790E+01
     545.,  0.00000000E+00,  0.00000000E+00,  0.00000000E+00,  0.00000000E+00,  0.96007312E+01, -0.11976790E+01
     546.,  0.00000000E+00,  0.00000000E+00,  0.00000000E+00,  0.00000000E+00,  0.11554668E+02, -0.11976790E+01
     547.,  0.00000000E+00,  0.00000000E+00,  0.00000000E+00,  0.00000000E+00,  0.13532213E+02, -0.11976790E+01
     548.,  0.00000000E+00,  0.00000000E+00,  0.00000000E+00,  0.00000000E+00,  0.15355582E+02, -0.11976790E+01
     549.,  0.00000000E+00,  0.00000000E+00,  0.00000000E+00,  0.00000000E+00,  0.17035252E+02, -0.11976790E+01
     550.,  0.00000000E+00,  0.00000000E+00,  0.00000000E+00,  0.00000000E+00,  0.18688489E+02, -0.11976790E+01
     551.,  0.00000000E+00,  0.00000000E+00,  0.00000000E+00,  0.00000000E+00,  0.20320610E+02, -0.11976790E+01
     552.,  0.00000000E+00,  0.00000000E+00,  0.00000000E+00,  0.00000000E+00,  0.21629123E+02, -0.11976790E+01
     553.,  0.00000000E+00,  0.00000000E+00,  0.00000000E+00,  0.00000000E+00,  0.22180405E+02, -0.11976790E+01
     554.,  0.00000000E+00,  0.00000000E+00,  0.00000000E+00,  0.00000000E+00,  0.21836932E+02, -0.11976790E+01
     555.,  0.00000000E+00,  0.00000000E+00,  0.00000000E+00,  0.00000000E+00,  0.20885244E+02, -0.11976790E+01
     556.,  0.00000000E+00,  0.00000000E+00,  0.00000000E+00,  0.00000000E+00,  0.19740126E+02, -0.11976790E+01
     557.,  0.00000000E+00,  0.00000000E+00,  0.00000000E+00,  0.00000000E+00,  0.18599332E+02, -0.11976790E+01
     558.,  0.00000000E+00,  0.00000000E+00,  0.00000000E+00,  0.00000000E+00,  0.17380824E+02, -0.11976790E+01
     559.,  0.00000000E+00,  0.00000000E+00,  0.00000000E+00,  0.00000000E+00,  0.15800136E+02, -0.11976790E+01
     560.,  0.00000000E+00,  0.00000000E+00,  0.00000000E+00,  0.00000000E+00,  0.13522372E+02, -0.11976790E+01
     561.,  0.00000000E+00,  0.00000000E+00,  0.00000000E+00,  0.00000000E+00,  0.13034733E+02, -0.11976790E+01
     562.,  0.00000000E+00,  0.00000000E+00,  0.00000000E+00,  0.00000000E+00,  0.14653845E+02, -0.11976790E+01
     563.,  0.00000000E+00,  0.00000000E+00,  0.00000000E+00,  0.00000000E+00,  0.17287917E+02, -0.11976790E+01
     564.,  0.00000000E+00,  0.00000000E+00,  0.00000000E+00,  0.00000000E+00,  0.23939603E+02, -0.11976790E+01
     565.,  0.00000000E+00,  0.00000000E+00,  0.00000000E+00,  0.00000000E+00,  0.42139987E+02, -0.11976790E+01
     566.,  0.00000000E+00,  0.00000000E+00,  0.00000000E+00,  0.00000000E+00,  0.86712993E+02, -0.11976790E+01
     567.,  0.00000000E+00,  0.00000000E+00,  0.00000000E+00,  0.25230366E-04,  0.17519616E+03, -0.11976790E+01
     568.,  0.00000000E+00,  0.00000000E+00,  0.00000000E+00,  0.10288066E-02,  0.19190491E+03, -0.11976790E+01
     569.,  0.00000000E+00,  0.00000000E+00,  0.00000000E+00,  0.38782106E-02,  0.21042482E+03, -0.11976790E+01
     570.,  0.00000000E+00,  0.00000000E+00,  0.00000000E+00,  0.10132319E-01,  0.24493287E+03, -0.11976790E+01
     571.,  0.00000000E+00,  0.00000000E+00,  0.00000000E+00,  0.17371226E-01,  0.27591206E+03, -0.11976790E+01
     572.,  0.00000000E+00,  0.00000000E+00,  0.00000000E+00,  0.18412257E-01,  0.27891454E+03, -0.11976790E+01
     573.,  0.00000000E+00,  0.00000000E+00,  0.00000000E+00,  0.12396745E-01,  0.25333684E+03, -0.11976790E+01
     574.,  0.00000000E+00,  0.00000000E+00,  0.00000000E+00,  0.60842708E-02,  0.21881977E+03, -0.11976790E+01
     575.,  0.00000000E+00,  0.00000000E+00,  0.00000000E+00,  0.21015212E-02,  0.17690542E+03, -0.11976790E+01
     576.,  0.00000000E+00,  0.00000000E+00,  0.00000000E+00,  0.46506205E-03,  0.17480713E+03, -0.11976790E+01
     577.,  0.00000000E+00,  0.00000000E+00,  0.00000000E+00,  0.19241788E-02,  0.19262225E+03, -0.11976790E+01
     578.,  0.00000000E+00,  0.00000000E+00,  0.00000000E+00,  0.29784822E-02,  0.18905328E+03, -0.11976790E+01
     579.,  0.00000000E+00,  0.00000000E+00,  0.00000000E+00,  0.28176823E-02,  0.17563452E+03, -0.11976790E+01
     580.,  0.00000000E+00,  0.00000000E+00,  0.00000000E+00,  0.10856085E-01,  0.24678945E+03, -0.11976790E+01
     581.,  0.00000000E+00,  0.00000000E+00,  0.00000000E+00,  0.17644010E-01,  0.26589404E+03, -0.11976790E+01
     582.,  0.00000000E+00,  0.00000000E+00,  0.00000000E+00,  0.29595568E-01,  0.30958110E+03, -0.11976790E+01
     583.,  0.00000000E+00,  0.00000000E+00,  0.00000000E+00,  0.35153788E-01,  0.31912892E+03, -0.11976790E+01
     584.,  0.00000000E+00,  0.00000000E+00,  0.00000000E+00,  0.31495777E-01,  0.31117285E+03, -0.11976790E+01
     585.,  0.00000000E+00,  0.00000000E+00,  0.00000000E+00,  0.24455267E-01,  0.29025503E+03, -0.11976790E+01
     586.,  0.00000000E+00,  0.00000000E+00,  0.00000000E+00,  0.28830037E-01,  0.30874679E+03, -0.11976790E+01
     587.,  0.00000000E+00,  0.00000000E+00,  0.00000000E+00,  0.21028752E-01,  0.28444447E+03, -0.11976790E+01
     588.,  0.00000000E+00,  0.00000000E+00,  0.00000000E+00,  0.80734523E-02,  0.23421188E+03, -0.11976790E+01
     589.,  0.00000000E+00,  0.00000000E+00,  0.00000000E+00,  0.53733657E-02,  0.21370056E+03, -0.11976790E+01
     590.,  0.00000000E+00,  0.00000000E+00,  0.00000000E+00,  0.51366306E-02,  0.20630008E+03, -0.11976790E+01
     591.,  0.00000000E+00,  0.00000000E+00,  0.00000000E+00,  0.45708424E-02,  0.20755393E+03, -0.11976790E+01
     592.,  0.00000000E+00,  0.00000000E+00,  0.00000000E+00,  0.18237126E-02,  0.18786408E+03, -0.11976790E+01
     593.,  0.00000000E+00,  0.00000000E+00,  0.00000000E+00,  0.18631136E-02,  0.19470429E+03, -0.11976790E+01
     594.,  0.00000000E+00,  0.00000000E+00,  0.00000000E+00,  0.28322767E-02,  0.20414327E+03, -0.11976790E+01
     595.,  0.00000000E+00,  0.00000000E+00,  0.00000000E+00,  0.81478289E-02,  0.23274557E+03, -0.11976790E+01
     596.,  0.00000000E+00,  0.00000000E+00,  0.00000000E+00,  0.15985202E-01,  0.27038954E+03, -0.11976790E+01
     597.,  0.00000000E+00,  0.00000000E+00,  0.00000000E+00,  0.16938673E-01,  0.27438583E+03, -0.11976790E+01
     598.,  0.00000000E+00,  0.00000000E+00,  0.00000000E+00,  0.10819622E-01,  0.24755058E+03, -0.11976790E+01
     599.,  0.00000000E+00,  0.00000000E+00,  0.00000000E+00,  0.42926982E-02,  0.21173899E+03, -0.11976790E+01
     600.,  0.00000000E+00,  0.00000000E+00,  0.00000000E+00,  0.98231243E-03,  0.19103442E+03, -0.11976790E+01
     601.,  0.00000000E+00,  0.00000000E+00,  0.00000000E+00,  0.00000000E+00,  0.16304685E+03, -0.11976790E+01
     602.,  0.00000000E+00,  0.00000000E+00,  0.00000000E+00,  0.00000000E+00,  0.77208120E+02, -0.11976790E+01
     603.,  0.00000000E+00,  0.00000000E+00,  0.00000000E+00,  0.00000000E+00,  0.34457999E+02, -0.11976790E+01
     604.,  0.00000000E+00,  0.00000000E+00,  0.00000000E+00,  0.00000000E+00,  0.17077286E+02, -0.11976790E+01
     605.,  0.00000000E+00,  0.00000000E+00,  0.00000000E+00,  0.00000000E+00,  0.10663384E+02, -0.11976790E+01
     606.,  0.00000000E+00,  0.00000000E+00,  0.00000000E+00,  0.00000000E+00,  0.85815493E+01, -0.11976790E+01
     607.,  0.00000000E+00,  0.00000000E+00,  0.00000000E+00,  0.00000000E+00,  0.71541797E+01, -0.11976790E+01
     608.,  0.00000000E+00,  0.00000000E+00,  0.00000000E+00,  0.00000000E+00,  0.58092983E+01, -0.11976790E+01
     609.,  0.00000000E+00,  0.00000000E+00,  0.00000000E+00,  0.00000000E+00,  0.60033088E+01, -0.11976790E+01
     610.,  0.00000000E+00,  0.00000000E+00,  0.00000000E+00,  0.00000000E+00,  0.81715019E+01, -0.11976790E+01
     611.,  0.00000000E+00,  0.00000000E+00,  0.00000000E+00,  0.00000000E+00,  0.10618725E+02, -0.11976790E+01
     612.,  0.00000000E+00,  0.00000000E+00,  0.00000000E+00,  0.00000000E+00,  0.13282588E+02, -0.11976790E+01
     613.,  0.00000000E+00,  0.00000000E+00,  0.00000000E+00,  0.00000000E+00,  0.16197686E+02, -0.11976790E+01
     614.,  0.00000000E+00,  0.00000000E+00,  0.00000000E+00,  0.00000000E+00,  0.19390246E+02, -0.11976790E+01
     615.,  0.00000000E+00,  0.00000000E+00,  0.00000000E+00,  0.00000000E+00,  0.22546530E+02, -0.11976790E+01
     616.,  0.00000000E+00,  0.00000000E+00,  0.00000000E+00,  0.00000000E+00,  0.24958680E+02, -0.11976790E+01
     617.,  0.00000000E+00,  0.00000000E+00,  0.00000000E+00,  0.00000000E+00,  0.25908064E+02, -0.11976790E+01
     618.,  0.00000000E+00,  0.00000000E+00,  0.00000000E+00,  0.00000000E+00,  0.25144429E+02, -0.11976790E+01
     619.,  0.00000000E+00,  0.00000000E+00,  0.00000000E+00,  0.00000000E+00,  0.23006532E+02, -0.11976790E+01
     620.,  0.00000000E+00,  0.00000000E+00,  0.00000000E+00,  0.00000000E+00,  0.20134383E+02, -0.11976790E+01
     621.,  0.00000000E+00,  0.00000000E+00,  0.00000000E+00,  0.00000000E+00,  0.17086136E+02, -0.11976790E+01
     622.,  0.00000000E+00,  0.00000000E+00,  0.00000000E+00,  0.00000000E+00,  0.14033288E+02, -0.11976790E+01
     623.,  0.00000000E+00,  0.00000000E+00,  0.00000000E+00,  0.00000000E+00,  0.10804809E+02, -0.11976790E+01
     624.,  0.00000000E+00,  0.00000000E+00,  0.00000000E+00,  0.00000000E+00,  0.72970170E+01, -0.11976790E+01
     625.,  0.00000000E+00,  0.00000000E+00,  0.00000000E+00,  0.00000000E+00,  0.67767482E+01, -0.11976790E+01
     626.,  0.00000000E+00,  0.00000000E+00,  0.00000000E+00,  0.00000000E+00,  0.90062312E+01, -0.11976790E+01
     627.,  0.00000000E+00,  0.00000000E+00,  0.00000000E+00,  0.00000000E+00,  0.12461696E+02, -0.11976790E+01
     628.,  0.00000000E+00,  0.00000000E+00,  0.00000000E+00,  0.00000000E+00,  0.20830026E+02, -0.11976790E+01
     629.,  0.00000000E+00,  0.00000000E+00,  0.00000000E+00,  0.00000000E+00,  0.39703720E+02, -0.11976790E+01
     630.,  0.00000000E+00,  0.00000000E+00,  0.00000000E+00,  0.00000000E+00,  0.81712381E+02, -0.11976790E+01
     631.,  0.00000000E+00,  0.00000000E+00,  0.00000000E+00,  0.00000000E+00,  0.17090560E+03, -0.11976790E+01
     632.,  0.00000000E+00,  0.00000000E+00,  0.00000000E+00,  0.92752339E-03,  0.19107061E+03, -0.11976790E+01
     633.,  0.00000000E+00,  0.00000000E+00,  0.00000000E+00,  0.38659306E-02,  0.21042745E+03, -0.11976790E+01
     634.,  0.00000000E+00,  0.00000000E+00,  0.00000000E+00,  0.97593293E-02,  0.24339898E+03, -0.11976790E+01
     635.,  0.00000000E+00,  0.00000000E+00,  0.00000000E+00,  0.15473320E-01,  0.26864751E+03, -0.11976790E+01
     636.,  0.00000000E+00,  0.00000000E+00,  0.00000000E+00,  0.14544514E-01,  0.26437126E+03, -0.11976790E+01
     637.,  0.00000000E+00,  0.00000000E+00,  0.00000000E+00,  0.83975389E-02,  0.23503506E+03, -0.11976790E+01
     638.,  0.00000000E+00,  0.00000000E+00,  0.00000000E+00,  0.30041670E-02,  0.19490872E+03, -0.11976790E+01
     639.,  0.00000000E+00,  0.00000000E+00,  0.00000000E+00,  0.15828156E-03,  0.16988850E+03, -0.11976790E+01
     640.,  0.00000000E+00,  0.00000000E+00,  0.00000000E+00,  0.15370477E-03,  0.15512865E+03, -0.11976790E+01
     641.,  0.00000000E+00,  0.00000000E+00,  0.00000000E+00,  0.72139860E-02,  0.22718551E+03, -0.11976790E+01
     642.,  0.00000000E+00,  0.00000000E+00,  0.00000000E+00,  0.12827291E-01,  0.24817891E+03, -0.11976790E+01
     643.,  0.00000000E+00,  0.00000000E+00,  0.00000000E+00,  0.17562112E-01,  0.25781195E+03, -0.11976790E+01
     644.,  0.00000000E+00,  0.00000000E+00,  0.00000000E+00,  0.11967483E-01,  0.10841776E+03, -0.11976790E+01
     645.,  0.00000000E+00,  0.00000000E+00,  0.00000000E+00,  0.18522997E-01,  0.24636705E+03, -0.11976790E+01
     646.,  0.00000000E+00,  0.00000000E+00,  0.00000000E+00,  0.27884315E-01,  0.30570900E+03, -0.11976790E+01
     647.,  0.00000000E+00,  0.00000000E+00,  0.00000000E+00,  0.28490359E-01,  0.30684640E+03, -0.11976790E+01
     648.,  0.00000000E+00,  0.00000000E+00,  0.00000000E+00,  0.24338936E-01,  0.27765181E+03, -0.11976790E+01
     649.,  0.00000000E+00,  0.00000000E+00,  0.00000000E+00,  0.33291770E-01,  0.26224977E+03, -0.11976790E+01
     650.,  0.00000000E+00,  0.00000000E+00,  0.00000000E+00,  0.35787633E-01,  0.32042134E+03, -0.11976790E+01
     651.,  0.00000000E+00,  0.00000000E+00,  0.00000000E+00,  0.24012992E-01,  0.29271117E+03, -0.11976790E+01
     652.,  0.00000000E+00,  0.00000000E+00,  0.00000000E+00,  0.15588471E-01,  0.26139880E+03, -0.11976790E+01
     653.,  0.00000000E+00,  0.00000000E+00,  0.00000000E+00,  0.96389584E-02,  0.23260304E+03, -0.11976790E+01
     654.,  0.00000000E+00,  0.00000000E+00,  0.00000000E+00,  0.74688824E-02,  0.22125464E+03, -0.11976790E+01
     655.,  0.00000000E+00,  0.00000000E+00,  0.00000000E+00,  0.25185977E-02,  0.17494919E+03, -0.11976790E+01
     656.,  0.00000000E+00,  0.00000000E+00,  0.00000000E+00,  0.10329884E-03,  0.13807873E+03, -0.11976790E+01
     657.,  0.00000000E+00,  0.00000000E+00,  0.00000000E+00,  0.46055308E-03,  0.17780033E+03, -0.11976790E+01
     658.,  0.00000000E+00,  0.00000000E+00,  0.00000000E+00,  0.18232251E-02,  0.19391784E+03, -0.11976790E+01
     659.,  0.00000000E+00,  0.00000000E+00,  0.00000000E+00,  0.42266301E-02,  0.21218516E+03, -0.11976790E+01
     660.,  0.00000000E+00,  0.00000000E+00,  0.00000000E+00,  0.11437769E-01,  0.24987144E+03, -0.11976790E+01
     661.,  0.00000000E+00,  0.00000000E+00,  0.00000000E+00,  0.17247905E-01,  0.27539674E+03, -0.11976790E+01
     662.,  0.00000000E+00,  0.00000000E+00,  0.00000000E+00,  0.13757815E-01,  0.26079717E+03, -0.11976790E+01
     663.,  0.00000000E+00,  0.00000000E+00,  0.00000000E+00,  0.57527520E-02,  0.22038485E+03, -0.11976790E+01
     664.,  0.00000000E+00,  0.00000000E+00,  0.00000000E+00,  0.11635120E-02,  0.19240508E+03, -0.11976790E+01
     665.,  0.00000000E+00,  0.00000000E+00,  0.00000000E+00,  0.95950179E-06,  0.17054858E+03, -0.11976790E+01
     666.,  0.00000000E+00,  0.00000000E+00,  0.00000000E+00,  0.00000000E+00,  0.79519163E+02, -0.11976790E+01
     667.,  0.00000000E+00,  0.00000000E+00,  0.00000000E+00,  0.00000000E+00,  0.36584007E+02, -0.11976790E+01
     668.,  0.00000000E+00,  0.00000000E+00,  0.00000000E+00,  0.00000000E+00,  0.17139247E+02, -0.11976790E+01
     669.,  0.00000000E+00,  0.00000000E+00,  0.00000000E+00,  0.00000000E+00,  0.10259681E+02, -0.11976790E+01
     670.,  0.00000000E+00,  0.00000000E+00,  0.00000000E+00,  0.00000000E+00,  0.68763479E+01, -0.11976790E+01
     671.,  0.00000000E+00,  0.00000000E+00,  0.00000000E+00,  0.00000000E+00,  0.46314406E+01, -0.11976790E+01
     672.,  0.00000000E+00,  0.00000000E+00,  0.00000000E+00,  0.00000000E+00,  0.26323510E+01, -0.11976790E+01
     673.,  0.00000000E+00,  0.00000000E+00,  0.00000000E+00,  0.00000000E+00,  0.25929027E+01, -0.11976790E+01
     674.,  0.00000000E+00,  0.00000000E+00,  0.00000000E+00,  0.00000000E+00,  0.47751584E+01, -0.11976790E+01
     675.,  0.00000000E+00,  0.00000000E+00,  0.00000000E+00,  0.00000000E+00,  0.74989425E+01, -0.11976790E+01
     676.,  0.00000000E+00,  0.00000000E+00,  0.00000000E+00,  0.00000000E+00,  0.10979430E+02, -0.11976790E+01
     677.,  0.00000000E+00,  0.00000000E+00,  0.00000000E+00,  0.00000000E+00,  0.15386728E+02, -0.11976790E+01
     678.,  0.00000000E+00,  0.00000000E+00,  0.00000000E+00,  0.00000000E+00,  0.20455610E+02, -0.11976790E+01
     679.,  0.00000000E+00,  0.00000000E+00,  0.00000000E+00,  0.00000000E+00,  0.25385025E+02, -0.11976790E+01
     680.,  0.00000000E+00,  0.00000000E+00,  0.00000000E+00,  0.00000000E+00,  0.29025439E+02, -0.11976790E+01
     681.,  0.00000000E+00,  0.00000000E+00,  0.00000000E+00,  0.00000000E+00,  0.30379394E+02, -0.11976790E+01
     682.,  0.00000000E+00,  0.00000000E+00,  0.00000000E+00,  0.00000000E+00,  0.29074523E+02, -0.11976790E+01
     683.,  0.00000000E+00,  0.00000000E+00,  0.00000000E+00,  0.00000000E+00,  0.25456816E+02, -0.11976790E+01
     684.,  0.00000000E+00,  0.00000000E+00,  0.00000000E+00,  0.00000000E+00,  0.20353051E+02, -0.11976790E+01
     685.,  0.00000000E+00,  0.00000000E+00,  0.00000000E+00,  0.00000000E+00,  0.14741615E+02, -0.11976790E+01
     686.,  0.00000000E+00,  0.00000000E+00,  0.00000000E+00,  0.00000000E+00,  0.94999635E+01, -0.11976790E+01
     687.,  0.00000000E+00,  0.00000000E+00,  0.00000000E+00,  0.00000000E+00,  0.51558209E+01, -0.11976790E+01
     688.,  0.00000000E+00,  0.00000000E+00,  0.00000000E+00,  0.00000000E+00,  0.19436929E+01, -0.11976790E+01
     689.,  0.00000000E+00,  0.00000000E+00,  0.00000000E+00,  0.00000000E+00,  0.21573876E+01, -0.11976790E+01
     690.,  0.00000000E+00,  0.00000000E+00,  0.00000000E+00,  0.00000000E+00,  0.43708701E+01, -0.11976790E+01
     691.,  0.00000000E+00,  0.00000000E+00,  0.00000000E+00,  0.00000000E+00,  0.86695061E+01, -0.11976790E+01
     692.,  0.00000000E+00,  0.00000000E+00,  0.00000000E+00,  0.00000000E+00,  0.18666295E+02, -0.11976790E+01
     693.,  0.00000000E+00,  0.00000000E+00,  0.00000000E+00,  0.00000000E+00,  0.38523721E+02, -0.11976790E+01
     694.,  0.00000000E+00,  0.00000000E+00,  0.00000000E+00,  0.00000000E+00,  0.78657719E+02, -0.11976790E+01
     695.,  0.00000000E+00,  0.00000000E+00,  0.00000000E+00,  0.00000000E+00,  0.16164746E+03, -0.11976790E+01
     696.,  0.00000000E+00,  0.00000000E+00,  0.00000000E+00,  0.84827626E-03,  0.18987883E+03, -0.11976790E+01
     697.,  0.00000000E+00,  0.00000000E+00,  0.00000000E+00,  0.34806340E-02,  0.20753633E+03, -0.11976790E+01
     698.,  0.00000000E+00,  0.00000000E+00,  0.00000000E+00,  0.85932203E-02,  0.23693975E+03, -0.11976790E+01
     699.,  0.00000000E+00,  0.00000000E+00,  0.00000000E+00,  0.12973613E-01,  0.25784642E+03, -0.11976790E+01
     700.,  0.00000000E+00,  0.00000000E+00,  0.00000000E+00,  0.11372308E-01,  0.25029368E+03, -0.11976790E+01
     701.,  0.00000000E+00,  0.00000000E+00,  0.00000000E+00,  0.53840266E-02,  0.21567850E+03, -0.11976790E+01
     702.,  0.00000000E+00,  0.00000000E+00,  0.00000000E+00,  0.12600280E-02,  0.18992119E+03, -0.11976790E+01
     703.,  0.00000000E+00,  0.00000000E+00,  0.00000000E+00,  0.16592161E-03,  0.17720952E+03, -0.11976790E+01
     704.,  0.00000000E+00,  0.00000000E+00,  0.00000000E+00,  0.51029808E-02,  0.20402989E+03, -0.11976790E+01
     705.,  0.00000000E+00,  0.00000000E+00,  0.00000000E+00,  0.61941678E-01,  0.36589249E+03, -0.11976790E+01
     706.,  0.00000000E+00,  0.00000000E+00,  0.00000000E+00,  0.60322156E-01,  0.36244662E+03, -0.11976790E+01
     707.,  0.00000000E+00,  0.00000000E+00,  0.00000000E+00,  0.81441747E-01,  0.39158610E+03, -0.11976790E+01
     708.,  0.00000000E+00,  0.00000000E+00,  0.19487811E-01,  0.18871575E+00,  0.50631344E+03, -0.11976790E+01
     709.,  0.00000000E+00,  0.00000000E+00,  0.38529433E-01,  0.22009542E+00,  0.52440499E+03, -0.11976790E+01
     710.,  0.00000000E+00,  0.00000000E+00,  0.00000000E+00,  0.14788253E+00,  0.48014903E+03, -0.11976790E+01
     711.,  0.00000000E+00,  0.00000000E+00,  0.00000000E+00,  0.77905594E-01,  0.38741804E+03, -0.11976790E+01
     712.,  0.00000000E+00,  0.00000000E+00,  0.00000000E+00,  0.18091660E-01,  0.21754138E+03, -0.11976790E+01
     713.,  0.00000000E+00,  0.00000000E+00,  0.00000000E+00,  0.29315544E-01,  0.29303133E+03, -0.11976790E+01
     714.,  0.00000000E+00,  0.00000000E+00,  0.00000000E+00,  0.37439561E-01,  0.28992137E+03, -0.11976790E+01
     715.,  0.00000000E+00,  0.00000000E+00,  0.00000000E+00,  0.38765935E-01,  0.30745170E+03, -0.11976790E+01
     716.,  0.00000000E+00,  0.00000000E+00,  0.00000000E+00,  0.85537652E-01,  0.40064057E+03, -0.11976790E+01
     717.,  0.00000000E+00,  0.00000000E+00,  0.00000000E+00,  0.79576533E-01,  0.38792658E+03, -0.11976790E+01
     718.,  0.00000000E+00,  0.00000000E+00,  0.00000000E+00,  0.17472981E-01,  0.21532134E+03, -0.11976790E+01
     719.,  0.00000000E+00,  0.00000000E+00,  0.00000000E+00,  0.97326972E-02,  0.18602671E+03, -0.11976790E+01
     720.,  0.00000000E+00,  0.00000000E+00,  0.00000000E+00,  0.62564645E-02,  0.11838160E+03, -0.11976790E+01
     721.,  0.00000000E+00,  0.00000000E+00,  0.00000000E+00,  0.16073358E-02,  0.15504865E+03, -0.11976790E+01
     722.,  0.00000000E+00,  0.00000000E+00,  0.00000000E+00,  0.10747559E-02,  0.19097789E+03, -0.11976790E+01
     723.,  0.00000000E+00,  0.00000000E+00,  0.00000000E+00,  0.32513791E-02,  0.20436783E+03, -0.11976790E+01
     724.,  0.00000000E+00,  0.00000000E+00,  0.00000000E+00,  0.92117451E-02,  0.23916256E+03, -0.11976790E+01
     725.,  0.00000000E+00,  0.00000000E+00,  0.00000000E+00,  0.19449988E-01,  0.28323431E+03, -0.11976790E+01
     726.,  0.00000000E+00,  0.00000000E+00,  0.00000000E+00,  0.19927890E-01,  0.28335872E+03, -0.11976790E+01
     727.,  0.00000000E+00,  0.00000000E+00,  0.00000000E+00,  0.76123095E-02,  0.23067687E+03, -0.11976790E+01
     728.,  0.00000000E+00,  0.00000000E+00,  0.00000000E+00,  0.13169310E-02,  0.19229174E+03, -0.11976790E+01
     729.,  0.00000000E+00,  0.00000000E+00,  0.00000000E+00,  0.00000000E+00,  0.16516311E+03, -0.11976790E+01
     730.,  0.00000000E+00,  0.00000000E+00,  0.00000000E+00,  0.00000000E+00,  0.79101939E+02, -0.11976790E+01
     731.,  0.00000000E+00,  0.00000000E+00,  0.00000000E+00,  0.00000000E+00,  0.34845094E+02, -0.11976790E+01
     732.,  0.00000000E+00,  0.00000000E+00,  0.00000000E+00,  0.00000000E+00,  0.16694219E+02, -0.11976790E+01
     733.,  0.00000000E+00,  0.00000000E+00,  0.00000000E+00,  0.00000000E+00,  0.90967418E+01, -0.11976790E+01
     734.,  0.00000000E+00,  0.00000000E+00,  0.00000000E+00,  0.00000000E+00,  0.46919542E+01, -0.11976790E+01
     735.,  0.00000000E+00,  0.00000000E+00,  0.00000000E+00,  0.00000000E+00,  0.19327035E+01, -0.11976790E+01
     736.,  0.00000000E+00,  0.00000000E+00,  0.00000000E+00,  0.00000000E+00,  0.48102270E+00, -0.11976790E+01
     737.,  0.00000000E+00,  0.00000000E+00,  0.00000000E+00,  0.00000000E+00,  0.39114199E+00, -0.11976790E+01
     738.,  0.00000000E+00,  0.00000000E+00,  0.00000000E+00,  0.00000000E+00,  0.16020594E+01, -0.11976790E+01
     739.,  0.00000000E+00,  0.00000000E+00,  0.00000000E+00,  0.00000000E+00,  0.42431367E+01, -0.11976790E+01
     740.,  0.00000000E+00,  0.00000000E+00,  0.00000000E+00,  0.00000000E+00,  0.86754287E+01, -0.11976790E+01
     741.,  0.00000000E+00,  0.00000000E+00,  0.00000000E+00,  0.00000000E+00,  0.14857118E+02, -0.11976790E+01
     742.,  0.00000000E+00,  0.00000000E+00,  0.00000000E+00,  0.00000000E+00,  0.22083558E+02, -0.11976790E+01
     743.,  0.00000000E+00,  0.00000000E+00,  0.00000000E+00,  0.00000000E+00,  0.29004474E+02, -0.11976790E+01
     744.,  0.00000000E+00,  0.00000000E+00,  0.00000000E+00,  0.00000000E+00,  0.34006199E+02, -0.11976790E+01
     745.,  0.00000000E+00,  0.00000000E+00,  0.00000000E+00,  0.00000000E+00,  0.35790190E+02, -0.11976790E+01
     746.,  0.00000000E+00,  0.00000000E+00,  0.00000000E+00,  0.00000000E+00,  0.33843072E+02, -0.11976790E+01
     747.,  0.00000000E+00,  0.00000000E+00,  0.00000000E+00,  0.00000000E+00,  0.28521846E+02, -0.11976790E+01
     748.,  0.00000000E+00,  0.00000000E+00,  0.00000000E+00,  0.00000000E+00,  0.20828949E+02, -0.11976790E+01
     749.,  0.00000000E+00,  0.00000000E+00,  0.00000000E+00,  0.00000000E+00,  0.12201948E+02, -0.11976790E+01
     750.,  0.00000000E+00,  0.00000000E+00,  0.00000000E+00,  0.00000000E+00,  0.45096902E+01, -0.11976790E+01
     751.,  0.00000000E+00,  0.00000000E+00,  0.00000000E+00,  0.00000000E+00,  0.51349403E+00, -0.11976790E+01
     752.,  0.00000000E+00,  0.00000000E+00,  0.00000000E+00,  0.00000000E+00,  0.15462448E+01, -0.11976790E+01
     753.,  0.00000000E+00,  0.00000000E+00,  0.00000000E+00,  0.00000000E+00,  0.19527608E+01, -0.11976790E+01
     754.,  0.00000000E+00,  0.00000000E+00,  0.00000000E+00,  0.00000000E+00,  0.37038431E+01, -0.11976790E+01
     755.,  0.00000000E+00,  0.00000000E+00,  0.00000000E+00,  0.00000000E+00,  0.79833045E+01, -0.11976790E+01
     756.,  0.00000000E+00,  0.00000000E+00,  0.00000000E+00,  0.00000000E+00,  0.17154588E+02, -0.11976790E+01
     757.,  0.00000000E+00,  0.00000000E+00,  0.00000000E+00,  0.00000000E+00,  0.36796454E+02, -0.11976790E+01
     758.,  0.00000000E+00,  0.00000000E+00,  0.00000000E+00,  0.00000000E+00,  0.72339743E+02, -0.11976790E+01
     759.,  0.00000000E+00,  0.00000000E+00,  0.00000000E+00,  0.00000000E+00,  0.14154256E+03, -0.11976790E+01
     760.,  0.00000000E+00,  0.00000000E+00,  0.00000000E+00,  0.65284615E-03,  0.18790509E+03, -0.11976790E+01
     761.,  0.00000000E+00,  0.00000000E+00,  0.00000000E+00,  0.25903923E-02,  0.20052749E+03, -0.11976790E+01
     762.,  0.00000000E+00,  0.00000000E+00,  0.00000000E+00,  0.60964201E-02,  0.21927083E+03, -0.11976790E+01
     763.,  0.00000000E+00,  0.00000000E+00,  0.00000000E+00,  0.99688277E-02,  0.24179401E+03, -0.11976790E+01
     764.,  0.00000000E+00,  0.00000000E+00,  0.00000000E+00,  0.85819282E-02,  0.23365673E+03, -0.11976790E+01
     765.,  0.00000000E+00,  0.00000000E+00,  0.00000000E+00,  0.32606980E-02,  0.20356130E+03, -0.11976790E+01
     766.,  0.00000000E+00,  0.00000000E+00,  0.00000000E+00,  0.79511560E-03,  0.19013056E+03, -0.11976790E+01
     767.,  0.00000000E+00,  0.00000000E+00,  0.00000000E+00,  0.94596495E-03,  0.18105770E+03, -0.11976790E+01
     768.,  0.00000000E+00,  0.00000000E+00,  0.00000000E+00,  0.22807729E-01,  0.24769620E+03, -0.11976790E+01
     769.,  0.00000000E+00,  0.00000000E+00,  0.00000000E+00,  0.26592711E-01,  0.30107029E+03, -0.15606998E+01
     770.,  0.00000000E+00,  0.00000000E+00,  0.00000000E+00,  0.25643886E-01,  0.29712837E+03, -0.15606998E+01
     771.,  0.00000000E+00,  0.00000000E+00,  0.00000000E+00,  0.29346348E-01,  0.30124255E+03, -0.15606998E+01
     772.,  0.00000000E+00,  0.00000000E+00,  0.00000000E+00,  0.24841329E-01,  0.23612172E+03, -0.15606998E+01
     773.,  0.00000000E+00,  0.00000000E+00,  0.00000000E+00,  0.36832229E-01,  0.32269052E+03, -0.15606998E+01
     774.,  0.00000000E+00,  0.00000000E+00,  0.00000000E+00,  0.18533343E-01,  0.27347650E+03, -0.15606998E+01
     775.,  0.00000000E+00,  0.00000000E+00,  0.00000000E+00,  0.42663038E-02,  0.20988598E+03, -0.15606998E+01
     776.,  0.00000000E+00,  0.00000000E+00,  0.00000000E+00,  0.00000000E+00,  0.14955730E-07, -0.15606998E+01
     777.,  0.00000000E+00,  0.00000000E+00,  0.00000000E+00,  0.00000000E+00,  0.98336286E-08, -0.15606998E+01
     778.,  0.00000000E+00,  0.00000000E+00,  0.00000000E+00,  0.28225351E-01,  0.29975730E+03, -0.15606998E+01
     779.,  0.00000000E+00,  0.00000000E+00,  0.00000000E+00,  0.54325542E-01,  0.34656654E+03, -0.15606998E+01
     780.,  0.00000000E+00,  0.00000000E+00,  0.00000000E+00,  0.84441673E-01,  0.39892225E+03, -0.15606998E+01
     781.,  0.00000000E+00,  0.00000000E+00,  0.00000000E+00,  0.61014252E-01,  0.35525000E+03, -0.15606998E+01
     782.,  0.00000000E+00,  0.00000000E+00,  0.00000000E+00,  0.30184291E-01,  0.26326612E+03, -0.15606998E+01
     783.,  0.00000000E+00,  0.00000000E+00,  0.00000000E+00,  0.22940207E-01,  0.20714588E+03, -0.15606998E+01
     784.,  0.00000000E+00,  0.00000000E+00,  0.00000000E+00,  0.21890386E-01,  0.21082904E+03, -0.15606998E+01
     785.,  0.00000000E+00,  0.00000000E+00,  0.00000000E+00,  0.61111340E-02,  0.10511748E+03, -0.22867415E+01
     786.,  0.00000000E+00,  0.00000000E+00,  0.00000000E+00,  0.86082778E-02,  0.10584190E+03, -0.22867415E+01
     787.,  0.00000000E+00,  0.00000000E+00,  0.00000000E+00,  0.22885345E-01,  0.26888297E+03, -0.22867415E+01
     788.,  0.00000000E+00,  0.00000000E+00,  0.00000000E+00,  0.24942222E-01,  0.29214910E+03, -0.22867415E+01
     789.,  0.00000000E+00,  0.00000000E+00,  0.00000000E+00,  0.00000000E+00,  0.10914298E-07, -0.22867415E+01
     790.,  0.00000000E+00,  0.00000000E+00,  0.00000000E+00,  0.00000000E+00,  0.64839618E-08, -0.22867415E+01
     791.,  0.00000000E+00,  0.00000000E+00,  0.00000000E+00,  0.00000000E+00,  0.12902318E-07, -0.22867415E+01
     792.,  0.00000000E+00,  0.00000000E+00,  0.00000000E+00,  0.00000000E+00,  0.19054892E-07, -0.22867415E+01
     793.,  0.00000000E+00,  0.00000000E+00,  0.00000000E+00,  0.00000000E+00,  0.11807802E-07, -0.22867415E+01
     794.,  0.00000000E+00,  0.00000000E+00,  0.00000000E+00,  0.00000000E+00,  0.91077282E-08, -0.22867415E+01
     795.,  0.00000000E+00,  0.00000000E+00,  0.00000000E+00,  0.00000000E+00,  0.38890038E-08, -0.22867415E+01
     796.,  0.00000000E+00,  0.00000000E+00,  0.00000000E+00,  0.00000000E+00,  0.10096678E-07, -0.22867415E+01
     797.,  0.00000000E+00,  0.00000000E+00,  0.00000000E+00,  0.22885078E-01,  0.28656103E+03, -0.22867415E+01
     798.,  0.00000000E+00,  0.00000000E+00,  0.00000000E+00,  0.24272859E-01,  0.27907700E+03, -0.22867415E+01
     799.,  0.00000000E+00,  0.00000000E+00,  0.00000000E+00,  0.18829111E-01,  0.25948345E+03, -0.22867415E+01
     800.,  0.00000000E+00,  0.00000000E+00,  0.00000000E+00,  0.15310762E-01,  0.24389710E+03, -0.22867415E+01
     801.,  0.00000000E+00,  0.00000000E+00,  0.00000000E+00,  0.30897801E-01,  0.31119349E+03, -0.30127832E+01
     802.,  0.00000000E+00,  0.00000000E+00,  0.00000000E+00,  0.23739556E-01,  0.28915430E+03, -0.30127832E+01
     803.,  0.00000000E+00,  0.00000000E+00,  0.00000000E+00,  0.15255405E-01,  0.26097707E+03, -0.30127832E+01
     804.,  0.00000000E+00,  0.00000000E+00,  0.00000000E+00,  0.00000000E+00,  0.18461112E-07, -0.30127832E+01
     805.,  0.00000000E+00,  0.00000000E+00,  0.00000000E+00,  0.00000000E+00,  0.10518492E-07, -0.30127832E+01
     806.,  0.00000000E+00,  0.00000000E+00,  0.00000000E+00,  0.00000000E+00,  0.10850359E-07, -0.30127832E+01
     807.,  0.00000000E+00,  0.00000000E+00,  0.00000000E+00,  0.00000000E+00,  0.66092802E-08, -0.30127832E+01
     808.,  0.00000000E+00,  0.00000000E+00,  0.00000000E+00,  0.00000000E+00,  0.73696476E-08, -0.30127832E+01
     809.,  0.00000000E+00,  0.00000000E+00,  0.00000000E+00,  0.00000000E+00,  0.12693530E-07, -0.30127832E+01
     810.,  0.00000000E+00,  0.00000000E+00,  0.00000000E+00,  0.00000000E+00,  0.58812630E-08, -0.30127832E+01
     811.,  0.00000000E+00,  0.00000000E+00,  0.00000000E+00,  0.00000000E+00,  0.11869762E-07, -0.30127832E+01
     812.,  0.00000000E+00,  0.00000000E+00,  0.00000000E+00,  0.00000000E+00,  0.36163476E-08, -0.30127832E+01
     813.,  0.00000000E+00,  0.00000000E+00,  0.00000000E+00,  0.00000000E+00,  0.13465943E-07, -0.30127832E+01
     814.,  0.00000000E+00,  0.00000000E+00,  0.00000000E+00,  0.11628099E-01,  0.24647254E+03, -0.30127832E+01
     815.,  0.00000000E+00,  0.00000000E+00,  0.00000000E+00,  0.12813472E-01,  0.24684515E+03, -0.30127832E+01
     816.,  0.00000000E+00,  0.00000000E+00,  0.00000000E+00,  0.89679989E-02,  0.21914437E+03, -0.30127832E+01
     817.,  0.00000000E+00,  0.00000000E+00,  0.00000000E+00,  0.37058553E-02,  0.20484189E+03, -0.37388248E+01
     818.,  0.00000000E+00,  0.00000000E+00,  0.00000000E+00,  0.00000000E+00,  0.10848586E-07, -0.37388248E+01
     819.,  0.00000000E+00,  0.00000000E+00,  0.00000000E+00,  0.00000000E+00,  0.53312233E-08, -0.37388248E+01
     820.,  0.00000000E+00,  0.00000000E+00,  0.00000000E+00,  0.00000000E+00,  0.10855809E-07, -0.37388248E+01
     821.,  0.00000000E+00,  0.00000000E+00,  0.00000000E+00,  0.00000000E+00,  0.84447241E-08, -0.37388248E+01
     822.,  0.00000000E+00,  0.00000000E+00,  0.00000000E+00,  0.00000000E+00,  0.59097573E-08, -0.37388248E+01
     823.,  0.00000000E+00,  0.00000000E+00,  0.00000000E+00,  0.00000000E+00,  0.13918214E-07, -0.37388248E+01
     824.,  0.00000000E+00,  0.00000000E+00,  0.00000000E+00,  0.00000000E+00,  0.66832155E-08, -0.37388248E+01
     825.,  0.00000000E+00,  0.00000000E+00,  0.00000000E+00,  0.00000000E+00,  0.10169340E-07, -0.37388248E+01
     826.,  0.00000000E+00,  0.00000000E+00,  0.00000000E+00,  0.00000000E+00,  0.81011759E-08, -0.37388248E+01
     827.,  0.00000000E+00,  0.00000000E+00,  0.00000000E+00,  0.00000000E+00,  0.13841952E-07, -0.37388248E+01
     828.,  0.00000000E+00,  0.00000000E+00,  0.00000000E+00,  0.00000000E+00,  0.70418875E-08, -0.37388248E+01
     829.,  0.00000000E+00,  0.00000000E+00,  0.00000000E+00,  0.00000000E+00,  0.18297471E-07, -0.37388248E+01
     830.,  0.00000000E+00,  0.00000000E+00,  0.00000000E+00,  0.00000000E+00,  0.14362967E-07, -0.37388248E+01
     831.,  0.00000000E+00,  0.00000000E+00,  0.00000000E+00,  0.48275146E-02,  0.21218591E+03, -0.37388248E+01
     832.,  0.00000000E+00,  0.00000000E+00,  0.00000000E+00,  0.53624352E-02,  0.20717272E+03, -0.37388248E+01
     833.,  0.00000000E+00,  0.00000000E+00,  0.00000000E+00,  0.00000000E+00,  0.94971444E+02, -0.44648665E+01
     834.,  0.00000000E+00,  0.00000000E+00,  0.00000000E+00,  0.00000000E+00,  0.10141471E-07, -0.44648665E+01
     835.,  0.00000000E+00,  0.00000000E+00,  0.00000000E+00,  0.00000000E+00,  0.59688192E-08, -0.44648665E+01
     836.,  0.00000000E+00,  0.00000000E+00,  0.00000000E+00,  0.00000000E+00,  0.15059356E-07, -0.44648665E+01
     837.,  0.00000000E+00,  0.00000000E+00,  0.00000000E+00,  0.00000000E+00,  0.12105618E-07, -0.44648665E+01
     838.,  0.00000000E+00,  0.00000000E+00,  0.00000000E+00,  0.00000000E+00,  0.59038065E-08, -0.44648665E+01
     839.,  0.00000000E+00,  0.00000000E+00,  0.00000000E+00,  0.00000000E+00,  0.14333595E-07, -0.44648665E+01
     840.,  0.00000000E+00,  0.00000000E+00,  0.00000000E+00,  0.00000000E+00,  0.10140286E-07, -0.44648665E+01
     841.,  0.00000000E+00,  0.00000000E+00,  0.00000000E+00,  0.00000000E+00,  0.12090639E-07, -0.44648665E+01
     842.,  0.00000000E+00,  0.00000000E+00,  0.00000000E+00,  0.00000000E+00,  0.13004515E-07, -0.44648665E+01
     843.,  0.00000000E+00,  0.00000000E+00,  0.00000000E+00,  0.00000000E+00,  0.15802337E-07, -0.44648665E+01
     844.,  0.00000000E+00,  0.00000000E+00,  0.00000000E+00,  0.00000000E+00,  0.38249219E-08, -0.44648665E+01
     845.,  0.00000000E+00,  0.00000000E+00,  0.00000000E+00,  0.00000000E+00,  0.90041255E-08, -0.44648665E+01
     846.,  0.00000000E+00,  0.00000000E+00,  0.00000000E+00,  0.00000000E+00,  0.10317439E-07, -0.44648665E+01
     847.,  0.00000000E+00,  0.00000000E+00,  0.00000000E+00,  0.00000000E+00,  0.75204131E-08, -0.44648665E+01
     848.,  0.00000000E+00,  0.00000000E+00,  0.00000000E+00,  0.10314603E-03,  0.13870704E+03, -0.44648665E+01
     849.,  0.00000000E+00,  0.00000000E+00,  0.00000000E+00,  0.00000000E+00,  0.86185912E-08, -0.51909082E+01
     850.,  0.00000000E+00,  0.00000000E+00,  0.00000000E+00,  0.00000000E+00,  0.63961114E-08, -0.51909082E+01
     851.,  0.00000000E+00,  0.00000000E+00,  0.00000000E+00,  0.00000000E+00,  0.98505764E-08, -0.51909082E+01
     852.,  0.00000000E+00,  0.00000000E+00,  0.00000000E+00,  0.00000000E+00,  0.53497722E-08, -0.51909082E+01
     853.,  0.00000000E+00,  0.00000000E+00,  0.00000000E+00,  0.00000000E+00,  0.10238756E-07, -0.51909082E+01
     854.,  0.00000000E+00,  0.00000000E+00,  0.00000000E+00,  0.00000000E+00,  0.15002549E-07, -0.51909082E+01
     855.,  0.00000000E+00,  0.00000000E+00,  0.00000000E+00,  0.00000000E+00,  0.17441563E-07, -0.51909082E+01
     856.,  0.00000000E+00,  0.00000000E+00,  0.00000000E+00,  0.00000000E+00,  0.59395542E-08, -0.51909082E+01
     857.,  0.00000000E+00,  0.00000000E+00,  0.00000000E+00,  0.00000000E+00,  0.19007737E-07, -0.51909082E+01
     858.,  0.00000000E+00,  0.00000000E+00,  0.00000000E+00,  0.00000000E+00,  0.82374901E-08, -0.51909082E+01
     859.,  0.00000000E+00,  0.00000000E+00,  0.00000000E+00,  0.00000000E+00,  0.10873049E-07, -0.51909082E+01
     860.,  0.00000000E+00,  0.00000000E+00,  0.00000000E+00,  0.00000000E+00,  0.48093610E-08, -0.51909082E+01
     861.,  0.00000000E+00,  0.00000000E+00,  0.00000000E+00,  0.00000000E+00,  0.91213920E-08, -0.51909082E+01
     862.,  0.00000000E+00,  0.00000000E+00,  0.00000000E+00,  0.00000000E+00,  0.53691453E-08, -0.51909082E+01
     863.,  0.00000000E+00,  0.00000000E+00,  0.00000000E+00,  0.00000000E+00,  0.13359735E-07, -0.51909082E+01
     864.,  0.00000000E+00,  0.00000000E+00,  0.00000000E+00,  0.00000000E+00,  0.12866450E-07, -0.51909082E+01
     865.,  0.00000000E+00,  0.00000000E+00,  0.00000000E+00,  0.00000000E+00,  0.16950519E-07, -0.59169498E+01
     866.,  0.00000000E+00,  0.00000000E+00,  0.00000000E+00,  0.00000000E+00,  0.13232059E-07, -0.59169498E+01
     867.,  0.00000000E+00,  0.00000000E+00,  0.00000000E+00,  0.00000000E+00,  0.86249122E-08, -0.59169498E+01
     868.,  0.00000000E+00,  0.00000000E+00,  0.00000000E+00,  0.00000000E+00,  0.32861612E-08, -0.59169498E+01
     869.,  0.00000000E+00,  0.00000000E+00,  0.00000000E+00,  0.00000000E+00,  0.11100594E-07, -0.59169498E+01
     870.,  0.00000000E+00,  0.00000000E+00,  0.00000000E+00,  0.00000000E+00,  0.12847070E-07, -0.59169498E+01
     871.,  0.00000000E+00,  0.00000000E+00,  0.00000000E+00,  0.00000000E+00,  0.51438469E-08, -0.59169498E+01
     872.,  0.00000000E+00,  0.00000000E+00,  0.00000000E+00,  0.00000000E+00,  0.77652180E-08, -0.59169498E+01
     873.,  0.00000000E+00,  0.00000000E+00,  0.00000000E+00,  0.00000000E+00,  0.12799450E-07, -0.59169498E+01
     874.,  0.00000000E+00,  0.00000000E+00,  0.00000000E+00,  0.00000000E+00,  0.16100372E-07, -0.59169498E+01
     875.,  0.00000000E+00,  0.00000000E+00,  0.00000000E+00,  0.00000000E+00,  0.13736411E-07, -0.59169498E+01
     876.,  0.00000000E+00,  0.00000000E+00,  0.00000000E+00,  0.00000000E+00,  0.15455795E-07, -0.59169498E+01
     877.,  0.00000000E+00,  0.00000000E+00,  0.00000000E+00,  0.00000000E+00,  0.19559043E-07, -0.59169498E+01
     878.,  0.00000000E+00,  0.00000000E+00,  0.00000000E+00,  0.00000000E+00,  0.10527477E-07, -0.59169498E+01
     879.,  0.00000000E+00,  0.00000000E+00,  0.00000000E+00,  0.00000000E+00,  0.53979310E-08, -0.59169498E+01
     880.,  0.00000000E+00,  0.00000000E+00,  0.00000000E+00,  0.00000000E+00,  0.77004186E-08, -0.59169498E+01
     881.,  0.00000000E+00,  0.00000000E+00,  0.00000000E+00,  0.00000000E+00,  0.69401441E-08, -0.66429915E+01
     882.,  0.00000000E+00,  0.00000000E+00,  0.00000000E+00,  0.00000000E+00,  0.94245901E-08, -0.66429915E+01
     883.,  0.00000000E+00,  0.00000000E+00,  0.00000000E+00,  0.00000000E+00,  0.12991922E-07, -0.66429915E+01
     884.,  0.00000000E+00,  0.00000000E+00,  0.00000000E+00,  0.00000000E+00,  0.81147393E-08, -0.66429915E+01
     885.,  0.00000000E+00,  0.00000000E+00,  0.00000000E+00,  0.00000000E+00,  0.14446566E-07, -0.66429915E+01
     886.,  0.00000000E+00,  0.00000000E+00,  0.00000000E+00,  0.00000000E+00,  0.97875875E-08, -0.66429915E+01
     887.,  0.00000000E+00,  0.00000000E+00,  0.00000000E+00,  0.00000000E+00,  0.21591666E-07, -0.66429915E+01
     888.,  0.00000000E+00,  0.00000000E+00,  0.00000000E+00,  0.00000000E+00,  0.11629521E-07, -0.66429915E+01
     889.,  0.00000000E+00,  0.00000000E+00,  0.00000000E+00,  0.00000000E+00,  0.13677379E-07, -0.66429915E+01
     890.,  0.00000000E+00,  0.00000000E+00,  0.00000000E+00,  0.00000000E+00,  0.12114558E-07, -0.66429915E+01
     891.,  0.00000000E+00,  0.00000000E+00,  0.00000000E+00,  0.00000000E+00,  0.84322604E-08, -0.66429915E+01
     892.,  0.00000000E+00,  0.00000000E+00,  0.00000000E+00,  0.00000000E+00,  0.12436742E-07, -0.66429915E+01
     893.,  0.00000000E+00,  0.00000000E+00,  0.00000000E+00,  0.00000000E+00,  0.14870579E-07, -0.66429915E+01
     894.,  0.00000000E+00,  0.00000000E+00,  0.00000000E+00,  0.00000000E+00,  0.21146127E-07, -0.66429915E+01
     895.,  0.00000000E+00,  0.00000000E+00,  0.00000000E+00,  0.00000000E+00,  0.39717508E-08, -0.66429915E+01
     896.,  0.00000000E+00,  0.00000000E+00,  0.00000000E+00,  0.00000000E+00,  0.41124405E-08, -0.66429915E+01
     897.,  0.00000000E+00,  0.00000000E+00,  0.00000000E+00,  0.00000000E+00,  0.92714051E-08, -0.73690332E+01
     898.,  0.00000000E+00,  0.00000000E+00,  0.00000000E+00,  0.00000000E+00,  0.81866453E-08, -0.73690332E+01
     899.,  0.00000000E+00,  0.00000000E+00,  0.00000000E+00,  0.00000000E+00,  0.97289888E-08, -0.73690332E+01
     900.,  0.00000000E+00,  0.00000000E+00,  0.00000000E+00,  0.00000000E+00,  0.11357682E-07, -0.73690332E+01
     901.,  0.00000000E+00,  0.00000000E+00,  0.00000000E+00,  0.00000000E+00,  0.10664598E-07, -0.73690332E+01
     902.,  0.00000000E+00,  0.00000000E+00,  0.00000000E+00,  0.00000000E+00,  0.12592661E-07, -0.73690332E+01
     903.,  0.00000000E+00,  0.00000000E+00,  0.00000000E+00,  0.00000000E+00,  0.87446248E-08, -0.73690332E+01
     904.,  0.00000000E+00,  0.00000000E+00,  0.00000000E+00,  0.00000000E+00,  0.58927892E-08, -0.73690332E+01
     905.,  0.00000000E+00,  0.00000000E+00,  0.00000000E+00,  0.00000000E+00,  0.93395723E-08, -0.73690332E+01
     906.,  0.00000000E+00,  0.00000000E+00,  0.00000000E+00,  0.00000000E+00,  0.10719380E-07, -0.73690332E+01
     907.,  0.00000000E+00,  0.00000000E+00,  0.00000000E+00,  0.00000000E+00,  0.12920132E-07, -0.73690332E+01
     908.,  0.00000000E+00,  0.00000000E+00,  0.00000000E+00,  0.00000000E+00,  0.99958673E-08, -0.73690332E+01
     909.,  0.00000000E+00,  0.00000000E+00,  0.00000000E+00,  0.00000000E+00,  0.17841775E-07, -0.73690332E+01
     910.,  0.00000000E+00,  0.00000000E+00,  0.00000000E+00,  0.00000000E+00,  0.30873965E-08, -0.73690332E+01
     911.,  0.00000000E+00,  0.00000000E+00,  0.00000000E+00,  0.00000000E+00,  0.41906180E-08, -0.73690332E+01
     912.,  0.00000000E+00,  0.00000000E+00,  0.00000000E+00,  0.00000000E+00,  0.60512721E-08, -0.73690332E+01
     913.,  0.00000000E+00,  0.00000000E+00,  0.00000000E+00,  0.00000000E+00,  0.52888963E-08, -0.80950748E+01
     914.,  0.00000000E+00,  0.00000000E+00,  0.00000000E+00,  0.00000000E+00,  0.14759275E-07, -0.80950748E+01
     915.,  0.00000000E+00,  0.00000000E+00,  0.00000000E+00,  0.00000000E+00,  0.87262553E-08, -0.80950748E+01
     916.,  0.00000000E+00,  0.00000000E+00,  0.00000000E+00,  0.00000000E+00,  0.80077369E-08, -0.80950748E+01
     917.,  0.00000000E+00,  0.00000000E+00,  0.00000000E+00,  0.00000000E+00,  0.31356336E-08, -0.80950748E+01
     918.,  0.00000000E+00,  0.00000000E+00,  0.00000000E+00,  0.00000000E+00,  0.95807561E-08, -0.80950748E+01
     919.,  0.00000000E+00,  0.00000000E+00,  0.00000000E+00,  0.00000000E+00,  0.14879533E-07, -0.80950748E+01
     920.,  0.00000000E+00,  0.00000000E+00,  0.00000000E+00,  0.00000000E+00,  0.17052212E-07, -0.80950748E+01
     921.,  0.00000000E+00,  0.00000000E+00,  0.00000000E+00,  0.00000000E+00,  0.11246130E-07, -0.80950748E+01
     922.,  0.00000000E+00,  0.00000000E+00,  0.00000000E+00,  0.00000000E+00,  0.10483777E-07, -0.80950748E+01
     923.,  0.00000000E+00,  0.00000000E+00,  0.00000000E+00,  0.00000000E+00,  0.42528305E-08, -0.80950748E+01
     924.,  0.00000000E+00,  0.00000000E+00,  0.00000000E+00,  0.00000000E+00,  0.10437680E-07, -0.80950748E+01
     925.,  0.00000000E+00,  0.00000000E+00,  0.00000000E+00,  0.00000000E+00,  0.17777180E-07, -0.80950748E+01
     926.,  0.00000000E+00,  0.00000000E+00,  0.00000000E+00,  0.00000000E+00,  0.12215529E-07, -0.80950748E+01
     927.,  0.00000000E+00,  0.00000000E+00,  0.00000000E+00,  0.00000000E+00,  0.54268877E-08, -0.80950748E+01
     928.,  0.00000000E+00,  0.00000000E+00,  0.00000000E+00,  0.00000000E+00,  0.10736548E-07, -0.80950748E+01
     929.,  0.00000000E+00,  0.00000000E+00,  0.00000000E+00,  0.00000000E+00,  0.54779758E-08, -0.88211165E+01
     930.,  0.00000000E+00,  0.00000000E+00,  0.00000000E+00,  0.00000000E+00,  0.12549527E-07, -0.88211165E+01
     931.,  0.00000000E+00,  0.00000000E+00,  0.00000000E+00,  0.00000000E+00,  0.99649371E-08, -0.88211165E+01
     932.,  0.00000000E+00,  0.00000000E+00,  0.00000000E+00,  0.00000000E+00,  0.92602923E-08, -0.88211165E+01
     933.,  0.00000000E+00,  0.00000000E+00,  0.00000000E+00,  0.00000000E+00,  0.89985357E-08, -0.88211165E+01
     934.,  0.00000000E+00,  0.00000000E+00,  0.00000000E+00,  0.00000000E+00,  0.13577259E-07, -0.88211165E+01
     935.,  0.00000000E+00,  0.00000000E+00,  0.00000000E+00,  0.00000000E+00,  0.12723275E-07, -0.88211165E+01
     936.,  0.00000000E+00,  0.00000000E+00,  0.00000000E+00,  0.00000000E+00,  0.83717103E-08, -0.88211165E+01
     937.,  0.00000000E+00,  0.00000000E+00,  0.00000000E+00,  0.00000000E+00,  0.99587189E-08, -0.88211165E+01
     938.,  0.00000000E+00,  0.00000000E+00,  0.00000000E+00,  0.00000000E+00,  0.13021101E-07, -0.88211165E+01
     939.,  0.00000000E+00,  0.00000000E+00,  0.00000000E+00,  0.00000000E+00,  0.32390500E-08, -0.88211165E+01
     940.,  0.00000000E+00,  0.00000000E+00,  0.00000000E+00,  0.00000000E+00,  0.15563193E-07, -0.88211165E+01
     941.,  0.00000000E+00,  0.00000000E+00,  0.00000000E+00,  0.00000000E+00,  0.10875730E-07, -0.88211165E+01
     942.,  0.00000000E+00,  0.00000000E+00,  0.00000000E+00,  0.00000000E+00,  0.45110430E-08, -0.88211165E+01
     943.,  0.00000000E+00,  0.00000000E+00,  0.00000000E+00,  0.00000000E+00,  0.10155825E-07, -0.88211165E+01
     944.,  0.00000000E+00,  0.00000000E+00,  0.00000000E+00,  0.00000000E+00,  0.13674571E-07, -0.88211165E+01
     945.,  0.00000000E+00,  0.00000000E+00,  0.00000000E+00,  0.00000000E+00,  0.12999542E-07, -0.95471582E+01
     946.,  0.00000000E+00,  0.00000000E+00,  0.00000000E+00,  0.00000000E+00,  0.72098631E-08, -0.95471582E+01
     947.,  0.00000000E+00,  0.00000000E+00,  0.00000000E+00,  0.00000000E+00,  0.80920230E-08, -0.95471582E+01
     948.,  0.00000000E+00,  0.00000000E+00,  0.00000000E+00,  0.00000000E+00,  0.85154459E-08, -0.95471582E+01
     949.,  0.00000000E+00,  0.00000000E+00,  0.00000000E+00,  0.00000000E+00,  0.78433379E-08, -0.95471582E+01
     950.,  0.00000000E+00,  0.00000000E+00,  0.00000000E+00,  0.00000000E+00,  0.12548743E-07, -0.95471582E+01
     951.,  0.00000000E+00,  0.00000000E+00,  0.00000000E+00,  0.00000000E+00,  0.70956257E-08, -0.95471582E+01
     952.,  0.00000000E+00,  0.00000000E+00,  0.00000000E+00,  0.00000000E+00,  0.75450225E-08, -0.95471582E+01
     953.,  0.00000000E+00,  0.00000000E+00,  0.00000000E+00,  0.00000000E+00,  0.36924476E-08, -0.95471582E+01
     954.,  0.00000000E+00,  0.00000000E+00,  0.00000000E+00,  0.00000000E+00,  0.79038062E-08, -0.95471582E+01
     955.,  0.00000000E+00,  0.00000000E+00,  0.00000000E+00,  0.00000000E+00,  0.11097835E-07, -0.95471582E+01
     956.,  0.00000000E+00,  0.00000000E+00,  0.00000000E+00,  0.00000000E+00,  0.12247052E-07, -0.95471582E+01
     957.,  0.00000000E+00,  0.00000000E+00,  0.00000000E+00,  0.00000000E+00,  0.61913661E-08, -0.95471582E+01
     958.,  0.00000000E+00,  0.00000000E+00,  0.00000000E+00,  0.00000000E+00,  0.14128625E-07, -0.95471582E+01
     959.,  0.00000000E+00,  0.00000000E+00,  0.00000000E+00,  0.00000000E+00,  0.14590048E-07, -0.95471582E+01
     960.,  0.00000000E+00,  0.00000000E+00,  0.00000000E+00,  0.00000000E+00,  0.14459988E-07, -0.95471582E+01
     961.,  0.00000000E+00,  0.00000000E+00,  0.00000000E+00,  0.00000000E+00,  0.20385397E-07, -0.10273200E+02
     962.,  0.00000000E+00,  0.00000000E+00,  0.00000000E+00,  0.00000000E+00,  0.60578135E-08, -0.10273200E+02
     963.,  0.00000000E+00,  0.00000000E+00,  0.00000000E+00,  0.00000000E+00,  0.78242988E-08, -0.10273200E+02
     964.,  0.00000000E+00,  0.00000000E+00,  0.00000000E+00,  0.00000000E+00,  0.12058423E-07, -0.10273200E+02
     965.,  0.00000000E+00,  0.00000000E+00,  0.00000000E+00,  0.00000000E+00,  0.12937520E-07, -0.10273200E+02
     966.,  0.00000000E+00,  0.00000000E+00,  0.00000000E+00,  0.00000000E+00,  0.17044126E-07, -0.10273200E+02
     967.,  0.00000000E+00,  0.00000000E+00,  0.00000000E+00,  0.00000000E+00,  0.17111816E-07, -0.10273200E+02
     968.,  0.00000000E+00,  0.00000000E+00,  0.00000000E+00,  0.00000000E+00,  0.12086053E-07, -0.10273200E+02
     969.,  0.00000000E+00,  0.00000000E+00,  0.00000000E+00,  0.00000000E+00,  0.19687339E-07, -0.10273200E+02
     970.,  0.00000000E+00,  0.00000000E+00,  0.00000000E+00,  0.00000000E+00,  0.12058711E-07, -0.10273200E+02
     971.,  0.00000000E+00,  0.00000000E+00,  0.00000000E+00,  0.00000000E+00,  0.69786041E-08, -0.10273200E+02
     972.,  0.00000000E+00,  0.00000000E+00,  0.00000000E+00,  0.00000000E+00,  0.11495009E-07, -0.10273200E+02
     973.,  0.00000000E+00,  0.00000000E+00,  0.00000000E+00,  0.00000000E+00,  0.50998321E-08, -0.10273200E+02
     974.,  0.00000000E+00,  0.00000000E+00,  0.00000000E+00,  0.00000000E+00,  0.16061735E-07, -0.10273200E+02
     975.,  0.00000000E+00,  0.00000000E+00,  0.00000000E+00,  0.00000000E+00,  0.13583271E-07, -0.10273200E+02
     976.,  0.00000000E+00,  0.00000000E+00,  0.00000000E+00,  0.00000000E+00,  0.16651575E-07, -0.10273200E+02
     977.,  0.00000000E+00,  0.00000000E+00,  0.00000000E+00,  0.00000000E+00,  0.95712292E-08, -0.10999242E+02
     978.,  0.00000000E+00,  0.00000000E+00,  0.00000000E+00,  0.00000000E+00,  0.17203664E-07, -0.10999242E+02
     979.,  0.00000000E+00,  0.00000000E+00,  0.00000000E+00,  0.00000000E+00,  0.20811975E-07, -0.10999242E+02
     980.,  0.00000000E+00,  0.00000000E+00,  0.00000000E+00,  0.00000000E+00,  0.13927389E-07, -0.10999242E+02
     981.,  0.00000000E+00,  0.00000000E+00,  0.00000000E+00,  0.00000000E+00,  0.13049440E-07, -0.10999242E+02
     982.,  0.00000000E+00,  0.00000000E+00,  0.00000000E+00,  0.00000000E+00,  0.22198568E-07, -0.10999242E+02
     983.,  0.00000000E+00,  0.00000000E+00,  0.00000000E+00,  0.00000000E+00,  0.40691811E-08, -0.10999242E+02
     984.,  0.00000000E+00,  0.00000000E+00,  0.00000000E+00,  0.00000000E+00,  0.89892672E-08, -0.10999242E+02
     985.,  0.00000000E+00,  0.00000000E+00,  0.00000000E+00,  0.00000000E+00,  0.38296847E-08, -0.10999242E+02
     986.,  0.00000000E+00,  0.00000000E+00,  0.00000000E+00,  0.00000000E+00,  0.12795154E-07, -0.10999242E+02
     987.,  0.00000000E+00,  0.00000000E+00,  0.00000000E+00,  0.00000000E+00,  0.13173607E-07, -0.10999242E+02
     988.,  0.00000000E+00,  0.00000000E+00,  0.00000000E+00,  0.00000000E+00,  0.15688860E-07, -0.10999242E+02
     989.,  0.00000000E+00,  0.00000000E+00,  0.00000000E+00,  0.00000000E+00,  0.98895989E-08, -0.10999242E+02
     990.,  0.00000000E+00,  0.00000000E+00,  0.00000000E+00,  0.00000000E+00,  0.24828595E-07, -0.10999242E+02
     991.,  0.00000000E+00,  0.00000000E+00,  0.00000000E+00,  0.00000000E+00,  0.14322477E-07, -0.10999242E+02
     992.,  0.00000000E+00,  0.00000000E+00,  0.00000000E+00,  0.00000000E+00,  0.20562992E-07, -0.10999242E+02
     993.,  0.00000000E+00,  0.00000000E+00,  0.00000000E+00,  0.00000000E+00,  0.88678992E-08, -0.11725283E+02
     994.,  0.00000000E+00,  0.00000000E+00,  0.00000000E+00,  0.00000000E+00,  0.14883531E-07, -0.11725283E+02
     995.,  0.00000000E+00,  0.00000000E+00,  0.00000000E+00,  0.00000000E+00,  0.13502140E-07, -0.11725283E+02
     996.,  0.00000000E+00,  0.00000000E+00,  0.00000000E+00,  0.00000000E+00,  0.10922800E-07, -0.11725283E+02
     997.,  0.00000000E+00,  0.00000000E+00,  0.00000000E+00,  0.00000000E+00,  0.84815643E-08, -0.11725283E+02
     998.,  0.00000000E+00,  0.00000000E+00,  0.00000000E+00,  0.00000000E+00,  0.10206585E-07, -0.11725283E+02
     999.,  0.00000000E+00,  0.00000000E+00,  0.00000000E+00,  0.00000000E+00,  0.77671864E-08, -0.11725283E+02
    1000.,  0.00000000E+00,  0.00000000E+00,  0.00000000E+00,  0.00000000E+00,  0.53246775E-08, -0.11725283E+02
    1001.,  0.00000000E+00,  0.00000000E+00,  0.00000000E+00,  0.00000000E+00,  0.91863186E-08, -0.11725283E+02
    1002.,  0.00000000E+00,  0.00000000E+00,  0.00000000E+00,  0.00000000E+00,  0.14589979E-07, -0.11725283E+02
    1003.,  0.00000000E+00,  0.00000000E+00,  0.00000000E+00,  0.00000000E+00,  0.91000693E-08, -0.11725283E+02
    1004.,  0.00000000E+00,  0.00000000E+00,  0.00000000E+00,  0.00000000E+00,  0.11186994E-07, -0.11725283E+02
    1005.,  0.00000000E+00,  0.00000000E+00,  0.00000000E+00,  0.00000000E+00,  0.19756941E-07, -0.11725283E+02
    1006.,  0.00000000E+00,  0.00000000E+00,  0.00000000E+00,  0.00000000E+00,  0.54848083E-08, -0.11725283E+02
    1007.,  0.00000000E+00,  0.00000000E+00,  0.00000000E+00,  0.00000000E+00,  0.10308024E-07, -0.11725283E+02
    1008.,  0.00000000E+00,  0.00000000E+00,  0.00000000E+00,  0.00000000E+00,  0.12267910E-07, -0.11725283E+02
    1009.,  0.00000000E+00,  0.00000000E+00,  0.00000000E+00,  0.00000000E+00,  0.17284165E-07, -0.12451325E+02
    1010.,  0.00000000E+00,  0.00000000E+00,  0.00000000E+00,  0.00000000E+00,  0.19158009E-07, -0.12451325E+02
    1011.,  0.00000000E+00,  0.00000000E+00,  0.00000000E+00,  0.00000000E+00,  0.16895601E-07, -0.12451325E+02
    1012.,  0.00000000E+00,  0.00000000E+00,  0.00000000E+00,  0.00000000E+00,  0.11281826E-07, -0.12451325E+02
    1013.,  0.00000000E+00,  0.00000000E+00,  0.00000000E+00,  0.00000000E+00,  0.11317499E-07, -0.12451325E+02
    1014.,  0.00000000E+00,  0.00000000E+00,  0.00000000E+00,  0.00000000E+00,  0.18216986E-07, -0.12451325E+02
    1015.,  0.00000000E+00,  0.00000000E+00,  0.00000000E+00,  0.00000000E+00,  0.12863349E-07, -0.12451325E+02
    1016.,  0.00000000E+00,  0.00000000E+00,  0.00000000E+00,  0.00000000E+00,  0.12694632E-07, -0.12451325E+02
    1017.,  0.00000000E+00,  0.00000000E+00,  0.00000000E+00,  0.00000000E+00,  0.13077132E-07, -0.12451325E+02
    1018.,  0.00000000E+00,  0.00000000E+00,  0.00000000E+00,  0.00000000E+00,  0.14028273E-07, -0.12451325E+02
    1019.,  0.00000000E+00,  0.00000000E+00,  0.00000000E+00,  0.00000000E+00,  0.11424750E-07, -0.12451325E+02
    1020.,  0.00000000E+00,  0.00000000E+00,  0.00000000E+00,  0.00000000E+00,  0.14391812E-07, -0.12451325E+02
    1021.,  0.00000000E+00,  0.00000000E+00,  0.00000000E+00,  0.00000000E+00,  0.81801011E-08, -0.12451325E+02
    1022.,  0.00000000E+00,  0.00000000E+00,  0.00000000E+00,  0.00000000E+00,  0.15777735E-07, -0.12451325E+02
    1023.,  0.00000000E+00,  0.00000000E+00,  0.00000000E+00,  0.00000000E+00,  0.54629350E-08, -0.12451325E+02
    1024.,  0.00000000E+00,  0.00000000E+00,  0.00000000E+00,  0.00000000E+00,  0.98829184E-08, -0.12451325E+02
    1025.,  0.00000000E+00,  0.00000000E+00,  0.00000000E+00,  0.00000000E+00,  0.11608892E-07, -0.13177366E+02
    1026.,  0.00000000E+00,  0.00000000E+00,  0.00000000E+00,  0.00000000E+00,  0.14957774E-07, -0.13177366E+02
    1027.,  0.00000000E+00,  0.00000000E+00,  0.00000000E+00,  0.00000000E+00,  0.69629540E-08, -0.13177366E+02
    1028.,  0.00000000E+00,  0.00000000E+00,  0.00000000E+00,  0.00000000E+00,  0.15342430E-07, -0.13177366E+02
    1029.,  0.00000000E+00,  0.00000000E+00,  0.00000000E+00,  0.00000000E+00,  0.19596418E-07, -0.13177366E+02
    1030.,  0.00000000E+00,  0.00000000E+00,  0.00000000E+00,  0.00000000E+00,  0.27495998E-07, -0.13177366E+02
    1031.,  0.00000000E+00,  0.00000000E+00,  0.00000000E+00,  0.00000000E+00,  0.58376886E-08, -0.13177366E+02
    1032.,  0.00000000E+00,  0.00000000E+00,  0.00000000E+00,  0.00000000E+00,  0.10290715E-07, -0.13177366E+02
    1033.,  0.00000000E+00,  0.00000000E+00,  0.00000000E+00,  0.00000000E+00,  0.11793563E-07, -0.13177366E+02
    1034.,  0.00000000E+00,  0.00000000E+00,  0.00000000E+00,  0.00000000E+00,  0.73676021E-08, -0.13177366E+02
    1035.,  0.00000000E+00,  0.00000000E+00,  0.00000000E+00,  0.00000000E+00,  0.90324975E-08, -0.13177366E+02
    1036.,  0.00000000E+00,  0.00000000E+00,  0.00000000E+00,  0.00000000E+00,  0.19057831E-07, -0.13177366E+02
    1037.,  0.00000000E+00,  0.00000000E+00,  0.00000000E+00,  0.00000000E+00,  0.12572281E-07, -0.13177366E+02
    1038.,  0.00000000E+00,  0.00000000E+00,  0.00000000E+00,  0.00000000E+00,  0.75871415E-08, -0.13177366E+02
    1039.,  0.00000000E+00,  0.00000000E+00,  0.00000000E+00,  0.00000000E+00,  0.11237006E-07, -0.13177366E+02
    1040.,  0.00000000E+00,  0.00000000E+00,  0.00000000E+00,  0.00000000E+00,  0.19591541E-07, -0.13177366E+02
    1041.,  0.00000000E+00,  0.00000000E+00,  0.00000000E+00,  0.00000000E+00,  0.58289628E-08, -0.13903408E+02
    1042.,  0.00000000E+00,  0.00000000E+00,  0.00000000E+00,  0.00000000E+00,  0.90903173E-08, -0.13903408E+02
    1043.,  0.00000000E+00,  0.00000000E+00,  0.00000000E+00,  0.00000000E+00,  0.17696403E-07, -0.13903408E+02
    1044.,  0.00000000E+00,  0.00000000E+00,  0.00000000E+00,  0.00000000E+00,  0.90362694E-08, -0.13903408E+02
    1045.,  0.00000000E+00,  0.00000000E+00,  0.00000000E+00,  0.00000000E+00,  0.50850182E-08, -0.13903408E+02
    1046.,  0.00000000E+00,  0.00000000E+00,  0.00000000E+00,  0.00000000E+00,  0.91391827E-08, -0.13903408E+02
    1047.,  0.00000000E+00,  0.00000000E+00,  0.00000000E+00,  0.00000000E+00,  0.16680179E-07, -0.13903408E+02
    1048.,  0.00000000E+00,  0.00000000E+00,  0.00000000E+00,  0.00000000E+00,  0.19276375E-07, -0.13903408E+02
    1049.,  0.00000000E+00,  0.00000000E+00,  0.00000000E+00,  0.00000000E+00,  0.17351029E-07, -0.13903408E+02
    1050.,  0.00000000E+00,  0.00000000E+00,  0.00000000E+00,  0.00000000E+00,  0.78463872E-08, -0.13903408E+02
    1051.,  0.00000000E+00,  0.00000000E+00,  0.00000000E+00,  0.00000000E+00,  0.20645811E-07, -0.13903408E+02
    1052.,  0.00000000E+00,  0.00000000E+00,  0.00000000E+00,  0.00000000E+00,  0.14316960E-07, -0.13903408E+02
    1053.,  0.00000000E+00,  0.00000000E+00,  0.00000000E+00,  0.00000000E+00,  0.12413258E-07, -0.13903408E+02
    1054.,  0.00000000E+00,  0.00000000E+00,  0.00000000E+00,  0.00000000E+00,  0.20898387E-07, -0.13903408E+02
    1055.,  0.00000000E+00,  0.00000000E+00,  0.00000000E+00,  0.00000000E+00,  0.21274569E-07, -0.13903408E+02
    1056.,  0.00000000E+00,  0.00000000E+00,  0.00000000E+00,  0.00000000E+00,  0.54998483E-08, -0.13903408E+02
    1057.,  0.00000000E+00,  0.00000000E+00,  0.00000000E+00,  0.00000000E+00,  0.16054705E-07, -0.14629450E+02
    1058.,  0.00000000E+00,  0.00000000E+00,  0.00000000E+00,  0.00000000E+00,  0.23762199E-07, -0.14629450E+02
    1059.,  0.00000000E+00,  0.00000000E+00,  0.00000000E+00,  0.00000000E+00,  0.64387397E-08, -0.14629450E+02
    1060.,  0.00000000E+00,  0.00000000E+00,  0.00000000E+00,  0.00000000E+00,  0.10457853E-07, -0.14629450E+02
    1061.,  0.00000000E+00,  0.00000000E+00,  0.00000000E+00,  0.00000000E+00,  0.15905869E-07, -0.14629450E+02
    1062.,  0.00000000E+00,  0.00000000E+00,  0.00000000E+00,  0.00000000E+00,  0.74843124E-08, -0.14629450E+02
    1063.,  0.00000000E+00,  0.00000000E+00,  0.00000000E+00,  0.00000000E+00,  0.10557215E-07, -0.14629450E+02
    1064.,  0.00000000E+00,  0.00000000E+00,  0.00000000E+00,  0.00000000E+00,  0.12213297E-07, -0.14629450E+02
    1065.,  0.00000000E+00,  0.00000000E+00,  0.00000000E+00,  0.00000000E+00,  0.92833323E-08, -0.14629450E+02
    1066.,  0.00000000E+00,  0.00000000E+00,  0.00000000E+00,  0.00000000E+00,  0.58870428E-08, -0.14629450E+02
    1067.,  0.00000000E+00,  0.00000000E+00,  0.00000000E+00,  0.00000000E+00,  0.20788746E-07, -0.14629450E+02
    1068.,  0.00000000E+00,  0.00000000E+00,  0.00000000E+00,  0.00000000E+00,  0.22939271E-07, -0.14629450E+02
    1069.,  0.00000000E+00,  0.00000000E+00,  0.00000000E+00,  0.00000000E+00,  0.12575306E-07, -0.14629450E+02
    1070.,  0.00000000E+00,  0.00000000E+00,  0.00000000E+00,  0.00000000E+00,  0.24090689E-08, -0.14629450E+02
    1071.,  0.00000000E+00,  0.00000000E+00,  0.00000000E+00,  0.00000000E+00,  0.26754635E-07, -0.14629450E+02
    1072.,  0.00000000E+00,  0.00000000E+00,  0.00000000E+00,  0.00000000E+00,  0.21102523E-07, -0.14629450E+02
    1073.,  0.00000000E+00,  0.00000000E+00,  0.00000000E+00,  0.00000000E+00,  0.36393787E-08, -0.15355491E+02
    1074.,  0.00000000E+00,  0.00000000E+00,  0.00000000E+00,  0.00000000E+00,  0.14349021E-07, -0.15355491E+02
    1075.,  0.00000000E+00,  0.00000000E+00,  0.00000000E+00,  0.00000000E+00,  0.59960835E-08, -0.15355491E+02
    1076.,  0.00000000E+00,  0.00000000E+00,  0.00000000E+00,  0.00000000E+00,  0.17670625E-07, -0.15355491E+02
    1077.,  0.00000000E+00,  0.00000000E+00,  0.00000000E+00,  0.00000000E+00,  0.16921576E-07, -0.15355491E+02
    1078.,  0.00000000E+00,  0.00000000E+00,  0.00000000E+00,  0.00000000E+00,  0.13244020E-07, -0.15355491E+02
    1079.,  0.00000000E+00,  0.00000000E+00,  0.00000000E+00,  0.00000000E+00,  0.10865056E-07, -0.15355491E+02
    1080.,  0.00000000E+00,  0.00000000E+00,  0.00000000E+00,  0.00000000E+00,  0.61537421E-08, -0.15355491E+02
    1081.,  0.00000000E+00,  0.00000000E+00,  0.00000000E+00,  0.00000000E+00,  0.81868199E-08, -0.15355491E+02
    1082.,  0.00000000E+00,  0.00000000E+00,  0.00000000E+00,  0.00000000E+00,  0.96794867E-08, -0.15355491E+02
    1083.,  0.00000000E+00,  0.00000000E+00,  0.00000000E+00,  0.00000000E+00,  0.12396397E-07, -0.15355491E+02
    1084.,  0.00000000E+00,  0.00000000E+00,  0.00000000E+00,  0.00000000E+00,  0.89816054E-08, -0.15355491E+02
    1085.,  0.00000000E+00,  0.00000000E+00,  0.00000000E+00,  0.00000000E+00,  0.32762043E-08, -0.15355491E+02
    1086.,  0.00000000E+00,  0.00000000E+00,  0.00000000E+00,  0.00000000E+00,  0.20069502E-07, -0.15355491E+02
    1087.,  0.00000000E+00,  0.00000000E+00,  0.00000000E+00,  0.00000000E+00,  0.14369077E-07, -0.15355491E+02
    1088.,  0.00000000E+00,  0.00000000E+00,  0.00000000E+00,  0.00000000E+00,  0.20253153E-07, -0.15355491E+02
    1089.,  0.00000000E+00,  0.00000000E+00,  0.00000000E+00,  0.00000000E+00,  0.69797481E-08, -0.16081533E+02
    1090.,  0.00000000E+00,  0.00000000E+00,  0.00000000E+00,  0.00000000E+00,  0.17633480E-07, -0.16081533E+02
    1091.,  0.00000000E+00,  0.00000000E+00,  0.00000000E+00,  0.00000000E+00,  0.13134189E-07, -0.16081533E+02
    1092.,  0.00000000E+00,  0.00000000E+00,  0.00000000E+00,  0.00000000E+00,  0.11395824E-07, -0.16081533E+02
    1093.,  0.00000000E+00,  0.00000000E+00,  0.00000000E+00,  0.00000000E+00,  0.17089552E-07, -0.16081533E+02
    1094.,  0.00000000E+00,  0.00000000E+00,  0.00000000E+00,  0.00000000E+00,  0.99831429E-08, -0.16081533E+02
    1095.,  0.00000000E+00,  0.00000000E+00,  0.00000000E+00,  0.00000000E+00,  0.16448002E-07, -0.16081533E+02
    1096.,  0.00000000E+00,  0.00000000E+00,  0.00000000E+00,  0.00000000E+00,  0.20806338E-07, -0.16081533E+02
    1097.,  0.00000000E+00,  0.00000000E+00,  0.00000000E+00,  0.00000000E+00,  0.11261654E-07, -0.16081533E+02
    1098.,  0.00000000E+00,  0.00000000E+00,  0.00000000E+00,  0.00000000E+00,  0.23109197E-07, -0.16081533E+02
    1099.,  0.00000000E+00,  0.00000000E+00,  0.00000000E+00,  0.00000000E+00,  0.93787280E-08, -0.16081533E+02
    1100.,  0.00000000E+00,  0.00000000E+00,  0.00000000E+00,  0.00000000E+00,  0.23969610E-07, -0.16081533E+02
    1101.,  0.00000000E+00,  0.00000000E+00,  0.00000000E+00,  0.00000000E+00,  0.12109741E-07, -0.16081533E+02
    1102.,  0.00000000E+00,  0.00000000E+00,  0.00000000E+00,  0.00000000E+00,  0.14235362E-07, -0.16081533E+02
    1103.,  0.00000000E+00,  0.00000000E+00,  0.00000000E+00,  0.00000000E+00,  0.26247516E-07, -0.16081533E+02
    1104.,  0.00000000E+00,  0.00000000E+00,  0.00000000E+00,  0.00000000E+00,  0.10763219E-07, -0.16081533E+02
    1105.,  0.00000000E+00,  0.00000000E+00,  0.00000000E+00,  0.00000000E+00,  0.16821387E-07, -0.16807575E+02
    1106.,  0.00000000E+00,  0.00000000E+00,  0.00000000E+00,  0.00000000E+00,  0.17861146E-07, -0.16807575E+02
    1107.,  0.00000000E+00,  0.00000000E+00,  0.00000000E+00,  0.00000000E+00,  0.69153280E-08, -0.16807575E+02
    1108.,  0.00000000E+00,  0.00000000E+00,  0.00000000E+00,  0.00000000E+00,  0.19569595E-07, -0.16807575E+02
    1109.,  0.00000000E+00,  0.00000000E+00,  0.00000000E+00,  0.00000000E+00,  0.17343225E-07, -0.16807575E+02
    1110.,  0.00000000E+00,  0.00000000E+00,  0.00000000E+00,  0.00000000E+00,  0.16269042E-07, -0.16807575E+02
    1111.,  0.00000000E+00,  0.00000000E+00,  0.00000000E+00,  0.00000000E+00,  0.25864730E-07, -0.16807575E+02
    1112.,  0.00000000E+00,  0.00000000E+00,  0.00000000E+00,  0.00000000E+00,  0.11097522E-07, -0.16807575E+02
    1113.,  0.00000000E+00,  0.00000000E+00,  0.00000000E+00,  0.00000000E+00,  0.11280954E-07, -0.16807575E+02
    1114.,  0.00000000E+00,  0.00000000E+00,  0.00000000E+00,  0.00000000E+00,  0.13265833E-07, -0.16807575E+02
    1115.,  0.00000000E+00,  0.00000000E+00,  0.00000000E+00,  0.00000000E+00,  0.14209188E-07, -0.16807575E+02
    1116.,  0.00000000E+00,  0.00000000E+00,  0.00000000E+00,  0.00000000E+00,  0.17588680E-07, -0.16807575E+02
    1117.,  0.00000000E+00,  0.00000000E+00,  0.00000000E+00,  0.00000000E+00,  0.25515683E-07, -0.16807575E+02
    1118.,  0.00000000E+00,  0.00000000E+00,  0.00000000E+00,  0.00000000E+00,  0.74387736E-08, -0.16807575E+02
    1119.,  0.00000000E+00,  0.00000000E+00,  0.00000000E+00,  0.00000000E+00,  0.80128059E-08, -0.16807575E+02
    1120.,  0.00000000E+00,  0.00000000E+00,  0.00000000E+00,  0.00000000E+00,  0.60710884E-08, -0.16807575E+02
    1121.,  0.00000000E+00,  0.00000000E+00,  0.00000000E+00,  0.00000000E+00,  0.69123929E-08, -0.17533617E+02
    1122.,  0.00000000E+00,  0.00000000E+00,  0.00000000E+00,  0.00000000E+00,  0.14850001E-07, -0.17533617E+02
    1123.,  0.00000000E+00,  0.00000000E+00,  0.00000000E+00,  0.00000000E+00,  0.15726508E-07, -0.17533617E+02
    1124.,  0.00000000E+00,  0.00000000E+00,  0.00000000E+00,  0.00000000E+00,  0.14578833E-07, -0.17533617E+02
    1125.,  0.00000000E+00,  0.00000000E+00,  0.00000000E+00,  0.00000000E+00,  0.20610897E-07, -0.17533617E+02
    1126.,  0.00000000E+00,  0.00000000E+00,  0.00000000E+00,  0.00000000E+00,  0.15985612E-07, -0.17533617E+02
    1127.,  0.00000000E+00,  0.00000000E+00,  0.00000000E+00,  0.00000000E+00,  0.12367447E-07, -0.17533617E+02
    1128.,  0.00000000E+00,  0.00000000E+00,  0.00000000E+00,  0.00000000E+00,  0.17278172E-07, -0.17533617E+02
    1129.,  0.00000000E+00,  0.00000000E+00,  0.00000000E+00,  0.00000000E+00,  0.18877180E-07, -0.17533617E+02
    1130.,  0.00000000E+00,  0.00000000E+00,  0.00000000E+00,  0.00000000E+00,  0.12981877E-07, -0.17533617E+02
    1131.,  0.00000000E+00,  0.00000000E+00,  0.00000000E+00,  0.00000000E+00,  0.95618393E-08, -0.17533617E+02
    1132.,  0.00000000E+00,  0.00000000E+00,  0.00000000E+00,  0.00000000E+00,  0.90950344E-08, -0.17533617E+02
    1133.,  0.00000000E+00,  0.00000000E+00,  0.00000000E+00,  0.00000000E+00,  0.17628149E-07, -0.17533617E+02
    1134.,  0.00000000E+00,  0.00000000E+00,  0.00000000E+00,  0.00000000E+00,  0.18613971E-07, -0.17533617E+02
    1135.,  0.00000000E+00,  0.00000000E+00,  0.00000000E+00,  0.00000000E+00,  0.17507884E-07, -0.17533617E+02
    1136.,  0.00000000E+00,  0.00000000E+00,  0.00000000E+00,  0.00000000E+00,  0.19815555E-07, -0.17533617E+02
    1137.,  0.00000000E+00,  0.00000000E+00,  0.00000000E+00,  0.00000000E+00,  0.94651358E-08, -0.18259658E+02
    1138.,  0.00000000E+00,  0.00000000E+00,  0.00000000E+00,  0.00000000E+00,  0.21793102E-07, -0.18259658E+02
    1139.,  0.00000000E+00,  0.00000000E+00,  0.00000000E+00,  0.00000000E+00,  0.63256364E-08, -0.18259658E+02
    1140.,  0.00000000E+00,  0.00000000E+00,  0.00000000E+00,  0.00000000E+00,  0.19736331E-07, -0.18259658E+02
    1141.,  0.00000000E+00,  0.00000000E+00,  0.00000000E+00,  0.00000000E+00,  0.15228724E-07, -0.18259658E+02
    1142.,  0.00000000E+00,  0.00000000E+00,  0.00000000E+00,  0.00000000E+00,  0.21981529E-07, -0.18259658E+02
    1143.,  0.00000000E+00,  0.00000000E+00,  0.00000000E+00,  0.00000000E+00,  0.14948082E-08, -0.18259658E+02
    1144.,  0.00000000E+00,  0.00000000E+00,  0.00000000E+00,  0.00000000E+00,  0.14190841E-07, -0.18259658E+02
    1145.,  0.00000000E+00,  0.00000000E+00,  0.00000000E+00,  0.00000000E+00,  0.21328143E-07, -0.18259658E+02
    1146.,  0.00000000E+00,  0.00000000E+00,  0.00000000E+00,  0.00000000E+00,  0.41431626E-08, -0.18259658E+02
    1147.,  0.00000000E+00,  0.00000000E+00,  0.00000000E+00,  0.00000000E+00,  0.13563142E-07, -0.18259658E+02
    1148.,  0.00000000E+00,  0.00000000E+00,  0.00000000E+00,  0.00000000E+00,  0.24817388E-07, -0.18259658E+02
    1149.,  0.00000000E+00,  0.00000000E+00,  0.00000000E+00,  0.00000000E+00,  0.18264267E-07, -0.18259658E+02
    1150.,  0.00000000E+00,  0.00000000E+00,  0.00000000E+00,  0.00000000E+00,  0.10898899E-07, -0.18259658E+02
    1151.,  0.00000000E+00,  0.00000000E+00,  0.00000000E+00,  0.00000000E+00,  0.10972457E-07, -0.18259658E+02
    1152.,  0.00000000E+00,  0.00000000E+00,  0.00000000E+00,  0.00000000E+00,  0.12519737E-07, -0.18259658E+02
    1153.,  0.00000000E+00,  0.00000000E+00,  0.00000000E+00,  0.00000000E+00,  0.40073405E+02, -0.11976790E+01
    1154.,  0.00000000E+00,  0.00000000E+00,  0.00000000E+00,  0.00000000E+00,  0.42782576E+02, -0.11976790E+01
    1155.,  0.00000000E+00,  0.00000000E+00,  0.00000000E+00,  0.00000000E+00,  0.43451074E+02, -0.11976790E+01
    1156.,  0.00000000E+00,  0.00000000E+00,  0.00000000E+00,  0.00000000E+00,  0.38672166E+02, -0.11976790E+01
    1157.,  0.00000000E+00,  0.00000000E+00,  0.00000000E+00,  0.00000000E+00,  0.31689487E+02, -0.11976790E+01
    1158.,  0.00000000E+00,  0.00000000E+00,  0.00000000E+00,  0.00000000E+00,  0.28972842E+02, -0.11976790E+01
    1159.,  0.00000000E+00,  0.00000000E+00,  0.00000000E+00,  0.00000000E+00,  0.33064550E+02, -0.11976790E+01
    1160.,  0.00000000E+00,  0.00000000E+00,  0.00000000E+00,  0.00000000E+00,  0.36151949E+02, -0.11976790E+01
    1161.,  0.00000000E+00,  0.00000000E+00,  0.00000000E+00,  0.00000000E+00,  0.34703690E+02, -0.11976790E+01
    1162.,  0.00000000E+00,  0.00000000E+00,  0.00000000E+00,  0.00000000E+00,  0.36150480E+02, -0.11976790E+01
    1163.,  0.00000000E+00,  0.00000000E+00,  0.00000000E+00,  0.00000000E+00,  0.45470901E+02, -0.11976790E+01
    1164.,  0.00000000E+00,  0.00000000E+00,  0.00000000E+00,  0.00000000E+00,  0.55017224E+02, -0.11976790E+01
    1165.,  0.00000000E+00,  0.00000000E+00,  0.00000000E+00,  0.00000000E+00,  0.59232795E+02, -0.11976790E+01
    1166.,  0.00000000E+00,  0.00000000E+00,  0.00000000E+00,  0.00000000E+00,  0.57113333E+02, -0.11976790E+01
    1167.,  0.00000000E+00,  0.00000000E+00,  0.00000000E+00,  0.00000000E+00,  0.51952212E+02, -0.11976790E+01
    1168.,  0.00000000E+00,  0.00000000E+00,  0.00000000E+00,  0.00000000E+00,  0.47557255E+02, -0.11976790E+01
    1169.,  0.00000000E+00,  0.00000000E+00,  0.00000000E+00,  0.00000000E+00,  0.40925787E+02, -0.11976790E+01
    1170.,  0.00000000E+00,  0.00000000E+00,  0.00000000E+00,  0.00000000E+00,  0.42940599E+02, -0.11976790E+01
    1171.,  0.00000000E+00,  0.00000000E+00,  0.00000000E+00,  0.00000000E+00,  0.47884859E+02, -0.11976790E+01
    1172.,  0.00000000E+00,  0.00000000E+00,  0.00000000E+00,  0.00000000E+00,  0.58093654E+02, -0.11976790E+01
    1173.,  0.00000000E+00,  0.00000000E+00,  0.00000000E+00,  0.00000000E+00,  0.69104872E+02, -0.11976790E+01
    1174.,  0.00000000E+00,  0.00000000E+00,  0.00000000E+00,  0.00000000E+00,  0.77340205E+02, -0.11976790E+01
    1175.,  0.00000000E+00,  0.00000000E+00,  0.00000000E+00,  0.00000000E+00,  0.80163301E+02, -0.11976790E+01
    1176.,  0.00000000E+00,  0.00000000E+00,  0.00000000E+00,  0.00000000E+00,  0.77097762E+02, -0.11976790E+01
    1177.,  0.00000000E+00,  0.00000000E+00,  0.00000000E+00,  0.00000000E+00,  0.69507684E+02, -0.11976790E+01
    1178.,  0.00000000E+00,  0.00000000E+00,  0.00000000E+00,  0.00000000E+00,  0.59613657E+02, -0.11976790E+01
    1179.,  0.00000000E+00,  0.00000000E+00,  0.00000000E+00,  0.00000000E+00,  0.49381583E+02, -0.11976790E+01
    1180.,  0.00000000E+00,  0.00000000E+00,  0.00000000E+00,  0.00000000E+00,  0.39982040E+02, -0.11976790E+01
    1181.,  0.00000000E+00,  0.00000000E+00,  0.00000000E+00,  0.00000000E+00,  0.31860528E+02, -0.11976790E+01
    1182.,  0.00000000E+00,  0.00000000E+00,  0.00000000E+00,  0.00000000E+00,  0.25065080E+02, -0.11976790E+01
    1183.,  0.00000000E+00,  0.00000000E+00,  0.00000000E+00,  0.00000000E+00,  0.19501285E+02, -0.11976790E+01
    1184.,  0.00000000E+00,  0.00000000E+00,  0.00000000E+00,  0.00000000E+00,  0.15059069E+02, -0.11976790E+01
    1185.,  0.00000000E+00,  0.00000000E+00,  0.00000000E+00,  0.00000000E+00,  0.11508549E+02, -0.11976790E+01
    1186.,  0.00000000E+00,  0.00000000E+00,  0.00000000E+00,  0.00000000E+00,  0.88600286E+01, -0.11976790E+01
    1187.,  0.00000000E+00,  0.00000000E+00,  0.00000000E+00,  0.00000000E+00,  0.81442123E+01, -0.11976790E+01
    1188.,  0.00000000E+00,  0.00000000E+00,  0.00000000E+00,  0.00000000E+00,  0.10068246E+02, -0.11976790E+01
    1189.,  0.00000000E+00,  0.00000000E+00,  0.00000000E+00,  0.00000000E+00,  0.13453856E+02, -0.11976790E+01
    1190.,  0.00000000E+00,  0.00000000E+00,  0.00000000E+00,  0.00000000E+00,  0.16980335E+02, -0.11976790E+01
    1191.,  0.00000000E+00,  0.00000000E+00,  0.00000000E+00,  0.00000000E+00,  0.19740038E+02, -0.11976790E+01
    1192.,  0.00000000E+00,  0.00000000E+00,  0.00000000E+00,  0.00000000E+00,  0.21057875E+02, -0.11976790E+01
    1193.,  0.00000000E+00,  0.00000000E+00,  0.00000000E+00,  0.00000000E+00,  0.20536869E+02, -0.11976790E+01
    1194.,  0.00000000E+00,  0.00000000E+00,  0.00000000E+00,  0.00000000E+00,  0.18189152E+02, -0.11976790E+01
    1195.,  0.00000000E+00,  0.00000000E+00,  0.00000000E+00,  0.00000000E+00,  0.14507921E+02, -0.11976790E+01
    1196.,  0.00000000E+00,  0.00000000E+00,  0.00000000E+00,  0.00000000E+00,  0.10585426E+02, -0.11976790E+01
    1197.,  0.00000000E+00,  0.00000000E+00,  0.00000000E+00,  0.00000000E+00,  0.86386222E+01, -0.11976790E+01
    1198.,  0.00000000E+00,  0.00000000E+00,  0.00000000E+00,  0.00000000E+00,  0.10735594E+02, -0.11976790E+01
    1199.,  0.00000000E+00,  0.00000000E+00,  0.00000000E+00,  0.00000000E+00,  0.15251881E+02, -0.11976790E+01
    1200.,  0.00000000E+00,  0.00000000E+00,  0.00000000E+00,  0.00000000E+00,  0.20381443E+02, -0.11976790E+01
    1201.,  0.00000000E+00,  0.00000000E+00,  0.00000000E+00,  0.00000000E+00,  0.25807335E+02, -0.11976790E+01
    1202.,  0.00000000E+00,  0.00000000E+00,  0.00000000E+00,  0.00000000E+00,  0.32070193E+02, -0.11976790E+01
    1203.,  0.00000000E+00,  0.00000000E+00,  0.00000000E+00,  0.00000000E+00,  0.39630959E+02, -0.11976790E+01
    1204.,  0.00000000E+00,  0.00000000E+00,  0.00000000E+00,  0.00000000E+00,  0.48635131E+02, -0.11976790E+01
    1205.,  0.00000000E+00,  0.00000000E+00,  0.00000000E+00,  0.00000000E+00,  0.59069296E+02, -0.11976790E+01
    1206.,  0.00000000E+00,  0.00000000E+00,  0.00000000E+00,  0.00000000E+00,  0.70529654E+02, -0.11976790E+01
    1207.,  0.00000000E+00,  0.00000000E+00,  0.00000000E+00,  0.00000000E+00,  0.81871517E+02, -0.11976790E+01
    1208.,  0.00000000E+00,  0.00000000E+00,  0.00000000E+00,  0.00000000E+00,  0.91011946E+02, -0.11976790E+01
    1209.,  0.00000000E+00,  0.00000000E+00,  0.00000000E+00,  0.00000000E+00,  0.95356253E+02, -0.11976790E+01
    1210.,  0.00000000E+00,  0.00000000E+00,  0.00000000E+00,  0.00000000E+00,  0.92966714E+02, -0.11976790E+01
    1211.,  0.00000000E+00,  0.00000000E+00,  0.00000000E+00,  0.00000000E+00,  0.83789090E+02, -0.11976790E+01
    1212.,  0.00000000E+00,  0.00000000E+00,  0.00000000E+00,  0.00000000E+00,  0.70073797E+02, -0.11976790E+01
    1213.,  0.00000000E+00,  0.00000000E+00,  0.00000000E+00,  0.00000000E+00,  0.55464750E+02, -0.11976790E+01
    1214.,  0.00000000E+00,  0.00000000E+00,  0.00000000E+00,  0.00000000E+00,  0.44473147E+02, -0.11976790E+01
    1215.,  0.00000000E+00,  0.00000000E+00,  0.00000000E+00,  0.00000000E+00,  0.38215309E+02, -0.11976790E+01
    1216.,  0.00000000E+00,  0.00000000E+00,  0.00000000E+00,  0.00000000E+00,  0.42977775E+02, -0.11976790E+01
    1217.,  0.00000000E+00,  0.00000000E+00,  0.00000000E+00,  0.00000000E+00,  0.81884307E+02, -0.11976790E+01
    1218.,  0.00000000E+00,  0.00000000E+00,  0.00000000E+00,  0.00000000E+00,  0.67235626E+02, -0.11976790E+01
    1219.,  0.00000000E+00,  0.00000000E+00,  0.00000000E+00,  0.00000000E+00,  0.50436814E+02, -0.11976790E+01
    1220.,  0.00000000E+00,  0.00000000E+00,  0.00000000E+00,  0.00000000E+00,  0.45733201E+02, -0.11976790E+01
    1221.,  0.00000000E+00,  0.00000000E+00,  0.00000000E+00,  0.00000000E+00,  0.47946273E+02, -0.11976790E+01
    1222.,  0.00000000E+00,  0.00000000E+00,  0.00000000E+00,  0.00000000E+00,  0.44858095E+02, -0.11976790E+01
    1223.,  0.00000000E+00,  0.00000000E+00,  0.00000000E+00,  0.00000000E+00,  0.29455573E+02, -0.11976790E+01
    1224.,  0.00000000E+00,  0.00000000E+00,  0.00000000E+00,  0.00000000E+00,  0.25567319E+02, -0.11976790E+01
    1225.,  0.00000000E+00,  0.00000000E+00,  0.00000000E+00,  0.00000000E+00,  0.51646615E+02, -0.11976790E+01
    1226.,  0.00000000E+00,  0.00000000E+00,  0.00000000E+00,  0.00000000E+00,  0.68234797E+02, -0.11976790E+01
    1227.,  0.00000000E+00,  0.00000000E+00,  0.00000000E+00,  0.00000000E+00,  0.65970892E+02, -0.11976790E+01
    1228.,  0.00000000E+00,  0.00000000E+00,  0.00000000E+00,  0.00000000E+00,  0.53618042E+02, -0.11976790E+01
    1229.,  0.00000000E+00,  0.00000000E+00,  0.00000000E+00,  0.00000000E+00,  0.45241632E+02, -0.11976790E+01
    1230.,  0.00000000E+00,  0.00000000E+00,  0.00000000E+00,  0.00000000E+00,  0.50522423E+02, -0.11976790E+01
    1231.,  0.00000000E+00,  0.00000000E+00,  0.00000000E+00,  0.00000000E+00,  0.63840857E+02, -0.11976790E+01
    1232.,  0.00000000E+00,  0.00000000E+00,  0.00000000E+00,  0.00000000E+00,  0.65923725E+02, -0.11976790E+01
    1233.,  0.00000000E+00,  0.00000000E+00,  0.00000000E+00,  0.00000000E+00,  0.82394324E+02, -0.11976790E+01
    1234.,  0.00000000E+00,  0.00000000E+00,  0.00000000E+00,  0.00000000E+00,  0.79648523E+02, -0.11976790E+01
    1235.,  0.00000000E+00,  0.00000000E+00,  0.00000000E+00,  0.00000000E+00,  0.81529533E+02, -0.11976790E+01
    1236.,  0.00000000E+00,  0.00000000E+00,  0.00000000E+00,  0.00000000E+00,  0.77200157E+02, -0.11976790E+01
    1237.,  0.00000000E+00,  0.00000000E+00,  0.00000000E+00,  0.00000000E+00,  0.70203792E+02, -0.11976790E+01
    1238.,  0.00000000E+00,  0.00000000E+00,  0.00000000E+00,  0.00000000E+00,  0.61957218E+02, -0.11976790E+01
    1239.,  0.00000000E+00,  0.00000000E+00,  0.00000000E+00,  0.00000000E+00,  0.55051140E+02, -0.11976790E+01
    1240.,  0.00000000E+00,  0.00000000E+00,  0.00000000E+00,  0.00000000E+00,  0.50088429E+02, -0.11976790E+01
    1241.,  0.00000000E+00,  0.00000000E+00,  0.00000000E+00,  0.00000000E+00,  0.45932970E+02, -0.11976790E+01
    1242.,  0.00000000E+00,  0.00000000E+00,  0.00000000E+00,  0.00000000E+00,  0.41575672E+02, -0.11976790E+01
    1243.,  0.00000000E+00,  0.00000000E+00,  0.00000000E+00,  0.00000000E+00,  0.37016494E+02, -0.11976790E+01
    1244.,  0.00000000E+00,  0.00000000E+00,  0.00000000E+00,  0.00000000E+00,  0.32663924E+02, -0.11976790E+01
    1245.,  0.00000000E+00,  0.00000000E+00,  0.00000000E+00,  0.00000000E+00,  0.28827400E+02, -0.11976790E+01
    1246.,  0.00000000E+00,  0.00000000E+00,  0.00000000E+00,  0.00000000E+00,  0.25618544E+02, -0.11976790E+01
    1247.,  0.00000000E+00,  0.00000000E+00,  0.00000000E+00,  0.00000000E+00,  0.23016976E+02, -0.11976790E+01
    1248.,  0.00000000E+00,  0.00000000E+00,  0.00000000E+00,  0.00000000E+00,  0.20945650E+02, -0.11976790E+01
    1249.,  0.00000000E+00,  0.00000000E+00,  0.00000000E+00,  0.00000000E+00,  0.19202954E+02, -0.11976790E+01
    1250.,  0.00000000E+00,  0.00000000E+00,  0.00000000E+00,  0.00000000E+00,  0.17559005E+02, -0.11976790E+01
    1251.,  0.00000000E+00,  0.00000000E+00,  0.00000000E+00,  0.00000000E+00,  0.15956717E+02, -0.11976790E+01
    1252.,  0.00000000E+00,  0.00000000E+00,  0.00000000E+00,  0.00000000E+00,  0.14414483E+02, -0.11976790E+01
    1253.,  0.00000000E+00,  0.00000000E+00,  0.00000000E+00,  0.00000000E+00,  0.12920366E+02, -0.11976790E+01
    1254.,  0.00000000E+00,  0.00000000E+00,  0.00000000E+00,  0.00000000E+00,  0.11439960E+02, -0.11976790E+01
    1255.,  0.00000000E+00,  0.00000000E+00,  0.00000000E+00,  0.00000000E+00,  0.10008477E+02, -0.11976790E+01
    1256.,  0.00000000E+00,  0.00000000E+00,  0.00000000E+00,  0.00000000E+00,  0.89035096E+01, -0.11976790E+01
    1257.,  0.00000000E+00,  0.00000000E+00,  0.00000000E+00,  0.00000000E+00,  0.86886954E+01, -0.11976790E+01
    1258.,  0.00000000E+00,  0.00000000E+00,  0.00000000E+00,  0.00000000E+00,  0.97414925E+01, -0.11976790E+01
    1259.,  0.00000000E+00,  0.00000000E+00,  0.00000000E+00,  0.00000000E+00,  0.11809350E+02, -0.11976790E+01
    1260.,  0.00000000E+00,  0.00000000E+00,  0.00000000E+00,  0.00000000E+00,  0.14422362E+02, -0.11976790E+01
    1261.,  0.00000000E+00,  0.00000000E+00,  0.00000000E+00,  0.00000000E+00,  0.17268658E+02, -0.11976790E+01
    1262.,  0.00000000E+00,  0.00000000E+00,  0.00000000E+00,  0.00000000E+00,  0.20180175E+02, -0.11976790E+01
    1263.,  0.00000000E+00,  0.00000000E+00,  0.00000000E+00,  0.00000000E+00,  0.23057554E+02, -0.11976790E+01
    1264.,  0.00000000E+00,  0.00000000E+00,  0.00000000E+00,  0.00000000E+00,  0.25836187E+02, -0.11976790E+01
    1265.,  0.00000000E+00,  0.00000000E+00,  0.00000000E+00,  0.00000000E+00,  0.28631191E+02, -0.11976790E+01
    1266.,  0.00000000E+00,  0.00000000E+00,  0.00000000E+00,  0.00000000E+00,  0.31793653E+02, -0.11976790E+01
    1267.,  0.00000000E+00,  0.00000000E+00,  0.00000000E+00,  0.00000000E+00,  0.35581316E+02, -0.11976790E+01
    1268.,  0.00000000E+00,  0.00000000E+00,  0.00000000E+00,  0.00000000E+00,  0.40044049E+02, -0.11976790E+01
    1269.,  0.00000000E+00,  0.00000000E+00,  0.00000000E+00,  0.00000000E+00,  0.45133414E+02, -0.11976790E+01
    1270.,  0.00000000E+00,  0.00000000E+00,  0.00000000E+00,  0.00000000E+00,  0.50639956E+02, -0.11976790E+01
    1271.,  0.00000000E+00,  0.00000000E+00,  0.00000000E+00,  0.00000000E+00,  0.56289655E+02, -0.11976790E+01
    1272.,  0.00000000E+00,  0.00000000E+00,  0.00000000E+00,  0.00000000E+00,  0.62057078E+02, -0.11976790E+01
    1273.,  0.00000000E+00,  0.00000000E+00,  0.00000000E+00,  0.00000000E+00,  0.68549624E+02, -0.11976790E+01
    1274.,  0.00000000E+00,  0.00000000E+00,  0.00000000E+00,  0.00000000E+00,  0.76387942E+02, -0.11976790E+01
    1275.,  0.00000000E+00,  0.00000000E+00,  0.00000000E+00,  0.00000000E+00,  0.84593206E+02, -0.11976790E+01
    1276.,  0.00000000E+00,  0.00000000E+00,  0.00000000E+00,  0.00000000E+00,  0.90715496E+02, -0.11976790E+01
    1277.,  0.00000000E+00,  0.00000000E+00,  0.00000000E+00,  0.00000000E+00,  0.93607305E+02, -0.11976790E+01
    1278.,  0.00000000E+00,  0.00000000E+00,  0.00000000E+00,  0.00000000E+00,  0.92340765E+02, -0.11976790E+01
    1279.,  0.00000000E+00,  0.00000000E+00,  0.00000000E+00,  0.00000000E+00,  0.93920818E+02, -0.11976790E+01
    1280.,  0.00000000E+00,  0.00000000E+00,  0.00000000E+00,  0.00000000E+00,  0.70929091E+02, -0.11976790E+01
    1281.,  0.00000000E+00,  0.00000000E+00,  0.00000000E+00,  0.00000000E+00,  0.70954138E+02, -0.11976790E+01
    1282.,  0.00000000E+00,  0.00000000E+00,  0.00000000E+00,  0.00000000E+00,  0.54223676E+02, -0.11976790E+01
    1283.,  0.00000000E+00,  0.00000000E+00,  0.00000000E+00,  0.00000000E+00,  0.39212995E+02, -0.11976790E+01
    1284.,  0.00000000E+00,  0.00000000E+00,  0.00000000E+00,  0.00000000E+00,  0.28902844E+02, -0.11976790E+01
    1285.,  0.00000000E+00,  0.00000000E+00,  0.00000000E+00,  0.00000000E+00,  0.32314228E+02, -0.11976790E+01
    1286.,  0.00000000E+00,  0.00000000E+00,  0.00000000E+00,  0.00000000E+00,  0.33637812E+02, -0.11976790E+01
    1287.,  0.00000000E+00,  0.00000000E+00,  0.00000000E+00,  0.00000000E+00,  0.23608728E+02, -0.11976790E+01
    1288.,  0.00000000E+00,  0.00000000E+00,  0.00000000E+00,  0.00000000E+00,  0.34453256E+02, -0.11976790E+01
    1289.,  0.00000000E+00,  0.00000000E+00,  0.00000000E+00,  0.00000000E+00,  0.68573100E+02, -0.11976790E+01
    1290.,  0.00000000E+00,  0.00000000E+00,  0.00000000E+00,  0.00000000E+00,  0.89273322E+02, -0.11976790E+01
    1291.,  0.00000000E+00,  0.00000000E+00,  0.00000000E+00,  0.00000000E+00,  0.92992541E+02, -0.11976790E+01
    1292.,  0.00000000E+00,  0.00000000E+00,  0.00000000E+00,  0.00000000E+00,  0.89020966E+02, -0.11976790E+01
    1293.,  0.00000000E+00,  0.00000000E+00,  0.00000000E+00,  0.00000000E+00,  0.90717008E+02, -0.11976790E+01
    1294.,  0.00000000E+00,  0.00000000E+00,  0.00000000E+00,  0.00000000E+00,  0.93915650E+02, -0.11976790E+01
    1295.,  0.00000000E+00,  0.00000000E+00,  0.00000000E+00,  0.00000000E+00,  0.99194151E+02, -0.11976790E+01
    1296.,  0.00000000E+00,  0.00000000E+00,  0.00000000E+00,  0.00000000E+00,  0.11502780E+03, -0.11976790E+01
    1297.,  0.00000000E+00,  0.00000000E+00,  0.00000000E+00,  0.00000000E+00,  0.89417281E+02, -0.11976790E+01
    1298.,  0.00000000E+00,  0.00000000E+00,  0.00000000E+00,  0.00000000E+00,  0.10549129E+03, -0.11976790E+01
    1299.,  0.00000000E+00,  0.00000000E+00,  0.00000000E+00,  0.00000000E+00,  0.94801011E+02, -0.11976790E+01
    1300.,  0.00000000E+00,  0.00000000E+00,  0.00000000E+00,  0.00000000E+00,  0.86173992E+02, -0.11976790E+01
    1301.,  0.00000000E+00,  0.00000000E+00,  0.00000000E+00,  0.00000000E+00,  0.72153959E+02, -0.11976790E+01
    1302.,  0.00000000E+00,  0.00000000E+00,  0.00000000E+00,  0.00000000E+00,  0.56461515E+02, -0.11976790E+01
    1303.,  0.00000000E+00,  0.00000000E+00,  0.00000000E+00,  0.00000000E+00,  0.43688361E+02, -0.11976790E+01
    1304.,  0.00000000E+00,  0.00000000E+00,  0.00000000E+00,  0.00000000E+00,  0.36328338E+02, -0.11976790E+01
    1305.,  0.00000000E+00,  0.00000000E+00,  0.00000000E+00,  0.00000000E+00,  0.32705217E+02, -0.11976790E+01
    1306.,  0.00000000E+00,  0.00000000E+00,  0.00000000E+00,  0.00000000E+00,  0.30390960E+02, -0.11976790E+01
    1307.,  0.00000000E+00,  0.00000000E+00,  0.00000000E+00,  0.00000000E+00,  0.28349524E+02, -0.11976790E+01
    1308.,  0.00000000E+00,  0.00000000E+00,  0.00000000E+00,  0.00000000E+00,  0.26467822E+02, -0.11976790E+01
    1309.,  0.00000000E+00,  0.00000000E+00,  0.00000000E+00,  0.00000000E+00,  0.24834166E+02, -0.11976790E+01
    1310.,  0.00000000E+00,  0.00000000E+00,  0.00000000E+00,  0.00000000E+00,  0.23468555E+02, -0.11976790E+01
    1311.,  0.00000000E+00,  0.00000000E+00,  0.00000000E+00,  0.00000000E+00,  0.22331190E+02, -0.11976790E+01
    1312.,  0.00000000E+00,  0.00000000E+00,  0.00000000E+00,  0.00000000E+00,  0.21367395E+02, -0.11976790E+01
    1313.,  0.00000000E+00,  0.00000000E+00,  0.00000000E+00,  0.00000000E+00,  0.20463699E+02, -0.11976790E+01
    1314.,  0.00000000E+00,  0.00000000E+00,  0.00000000E+00,  0.00000000E+00,  0.19467251E+02, -0.11976790E+01
    1315.,  0.00000000E+00,  0.00000000E+00,  0.00000000E+00,  0.00000000E+00,  0.18249165E+02, -0.11976790E+01
    1316.,  0.00000000E+00,  0.00000000E+00,  0.00000000E+00,  0.00000000E+00,  0.16686622E+02, -0.11976790E+01
    1317.,  0.00000000E+00,  0.00000000E+00,  0.00000000E+00,  0.00000000E+00,  0.14614257E+02, -0.11976790E+01
    1318.,  0.00000000E+00,  0.00000000E+00,  0.00000000E+00,  0.00000000E+00,  0.11882664E+02, -0.11976790E+01
    1319.,  0.00000000E+00,  0.00000000E+00,  0.00000000E+00,  0.00000000E+00,  0.85249123E+01, -0.11976790E+01
    1320.,  0.00000000E+00,  0.00000000E+00,  0.00000000E+00,  0.00000000E+00,  0.52883149E+01, -0.11976790E+01
    1321.,  0.00000000E+00,  0.00000000E+00,  0.00000000E+00,  0.00000000E+00,  0.51598926E+01, -0.11976790E+01
    1322.,  0.00000000E+00,  0.00000000E+00,  0.00000000E+00,  0.00000000E+00,  0.86397009E+01, -0.11976790E+01
    1323.,  0.00000000E+00,  0.00000000E+00,  0.00000000E+00,  0.00000000E+00,  0.12664818E+02, -0.11976790E+01
    1324.,  0.00000000E+00,  0.00000000E+00,  0.00000000E+00,  0.00000000E+00,  0.16243086E+02, -0.11976790E+01
    1325.,  0.00000000E+00,  0.00000000E+00,  0.00000000E+00,  0.00000000E+00,  0.19191534E+02, -0.11976790E+01
    1326.,  0.00000000E+00,  0.00000000E+00,  0.00000000E+00,  0.00000000E+00,  0.21570176E+02, -0.11976790E+01
    1327.,  0.00000000E+00,  0.00000000E+00,  0.00000000E+00,  0.00000000E+00,  0.23506223E+02, -0.11976790E+01
    1328.,  0.00000000E+00,  0.00000000E+00,  0.00000000E+00,  0.00000000E+00,  0.25126318E+02, -0.11976790E+01
    1329.,  0.00000000E+00,  0.00000000E+00,  0.00000000E+00,  0.00000000E+00,  0.26593967E+02, -0.11976790E+01
    1330.,  0.00000000E+00,  0.00000000E+00,  0.00000000E+00,  0.00000000E+00,  0.28155377E+02, -0.11976790E+01
    1331.,  0.00000000E+00,  0.00000000E+00,  0.00000000E+00,  0.00000000E+00,  0.29980893E+02, -0.11976790E+01
    1332.,  0.00000000E+00,  0.00000000E+00,  0.00000000E+00,  0.00000000E+00,  0.32174865E+02, -0.11976790E+01
    1333.,  0.00000000E+00,  0.00000000E+00,  0.00000000E+00,  0.00000000E+00,  0.34879273E+02, -0.11976790E+01
    1334.,  0.00000000E+00,  0.00000000E+00,  0.00000000E+00,  0.00000000E+00,  0.38265088E+02, -0.11976790E+01
    1335.,  0.00000000E+00,  0.00000000E+00,  0.00000000E+00,  0.00000000E+00,  0.42821415E+02, -0.11976790E+01
    1336.,  0.00000000E+00,  0.00000000E+00,  0.00000000E+00,  0.00000000E+00,  0.49992103E+02, -0.11976790E+01
    1337.,  0.00000000E+00,  0.00000000E+00,  0.00000000E+00,  0.00000000E+00,  0.61442041E+02, -0.11976790E+01
    1338.,  0.00000000E+00,  0.00000000E+00,  0.00000000E+00,  0.00000000E+00,  0.76806696E+02, -0.11976790E+01
    1339.,  0.00000000E+00,  0.00000000E+00,  0.00000000E+00,  0.00000000E+00,  0.92698488E+02, -0.11976790E+01
    1340.,  0.00000000E+00,  0.00000000E+00,  0.00000000E+00,  0.00000000E+00,  0.10386829E+03, -0.11976790E+01
    1341.,  0.00000000E+00,  0.00000000E+00,  0.00000000E+00,  0.00000000E+00,  0.10732447E+03, -0.11976790E+01
    1342.,  0.00000000E+00,  0.00000000E+00,  0.00000000E+00,  0.00000000E+00,  0.10714108E+03, -0.11976790E+01
    1343.,  0.00000000E+00,  0.00000000E+00,  0.00000000E+00,  0.00000000E+00,  0.10716125E+03, -0.11976790E+01
    1344.,  0.00000000E+00,  0.00000000E+00,  0.00000000E+00,  0.00000000E+00,  0.14067347E+03, -0.11976790E+01
    1345.,  0.00000000E+00,  0.00000000E+00,  0.00000000E+00,  0.44130199E-03,  0.16426124E+03, -0.11976790E+01
    1346.,  0.00000000E+00,  0.00000000E+00,  0.00000000E+00,  0.00000000E+00,  0.12475727E+03, -0.11976790E+01
    1347.,  0.00000000E+00,  0.00000000E+00,  0.00000000E+00,  0.00000000E+00,  0.86574115E+02, -0.11976790E+01
    1348.,  0.00000000E+00,  0.00000000E+00,  0.00000000E+00,  0.00000000E+00,  0.74100251E+02, -0.11976790E+01
    1349.,  0.00000000E+00,  0.00000000E+00,  0.00000000E+00,  0.00000000E+00,  0.53388566E+02, -0.11976790E+01
    1350.,  0.00000000E+00,  0.00000000E+00,  0.00000000E+00,  0.00000000E+00,  0.27099531E+02, -0.11976790E+01
    1351.,  0.00000000E+00,  0.00000000E+00,  0.00000000E+00,  0.00000000E+00,  0.29875565E+02, -0.11976790E+01
    1352.,  0.00000000E+00,  0.00000000E+00,  0.00000000E+00,  0.00000000E+00,  0.68711364E+02, -0.11976790E+01
    1353.,  0.00000000E+00,  0.00000000E+00,  0.00000000E+00,  0.00000000E+00,  0.94669533E+02, -0.11976790E+01
    1354.,  0.00000000E+00,  0.00000000E+00,  0.00000000E+00,  0.00000000E+00,  0.10194139E+03, -0.11976790E+01
    1355.,  0.00000000E+00,  0.00000000E+00,  0.00000000E+00,  0.00000000E+00,  0.95462908E+02, -0.11976790E+01
    1356.,  0.00000000E+00,  0.00000000E+00,  0.00000000E+00,  0.00000000E+00,  0.94902532E+02, -0.11976790E+01
    1357.,  0.00000000E+00,  0.00000000E+00,  0.00000000E+00,  0.00000000E+00,  0.97453366E+02, -0.11976790E+01
    1358.,  0.00000000E+00,  0.00000000E+00,  0.00000000E+00,  0.00000000E+00,  0.10913529E+03, -0.11976790E+01
    1359.,  0.00000000E+00,  0.00000000E+00,  0.00000000E+00,  0.00000000E+00,  0.11848483E+03, -0.11976790E+01
    1360.,  0.00000000E+00,  0.00000000E+00,  0.00000000E+00,  0.00000000E+00,  0.10775172E+03, -0.11976790E+01
    1361.,  0.00000000E+00,  0.00000000E+00,  0.00000000E+00,  0.59242739E-04,  0.15557753E+03, -0.11976790E+01
    1362.,  0.00000000E+00,  0.00000000E+00,  0.00000000E+00,  0.00000000E+00,  0.11080205E+03, -0.11976790E+01
    1363.,  0.00000000E+00,  0.00000000E+00,  0.00000000E+00,  0.00000000E+00,  0.10072235E+03, -0.11976790E+01
    1364.,  0.00000000E+00,  0.00000000E+00,  0.00000000E+00,  0.00000000E+00,  0.88998056E+02, -0.11976790E+01
    1365.,  0.00000000E+00,  0.00000000E+00,  0.00000000E+00,  0.00000000E+00,  0.72372254E+02, -0.11976790E+01
    1366.,  0.00000000E+00,  0.00000000E+00,  0.00000000E+00,  0.00000000E+00,  0.53745936E+02, -0.11976790E+01
    1367.,  0.00000000E+00,  0.00000000E+00,  0.00000000E+00,  0.00000000E+00,  0.37376523E+02, -0.11976790E+01
    1368.,  0.00000000E+00,  0.00000000E+00,  0.00000000E+00,  0.00000000E+00,  0.27141511E+02, -0.11976790E+01
    1369.,  0.00000000E+00,  0.00000000E+00,  0.00000000E+00,  0.00000000E+00,  0.22907580E+02, -0.11976790E+01
    1370.,  0.00000000E+00,  0.00000000E+00,  0.00000000E+00,  0.00000000E+00,  0.21447191E+02, -0.11976790E+01
    1371.,  0.00000000E+00,  0.00000000E+00,  0.00000000E+00,  0.00000000E+00,  0.20649903E+02, -0.11976790E+01
    1372.,  0.00000000E+00,  0.00000000E+00,  0.00000000E+00,  0.00000000E+00,  0.20169856E+02, -0.11976790E+01
    1373.,  0.00000000E+00,  0.00000000E+00,  0.00000000E+00,  0.00000000E+00,  0.19909161E+02, -0.11976790E+01
    1374.,  0.00000000E+00,  0.00000000E+00,  0.00000000E+00,  0.00000000E+00,  0.19754875E+02, -0.11976790E+01
    1375.,  0.00000000E+00,  0.00000000E+00,  0.00000000E+00,  0.00000000E+00,  0.19631216E+02, -0.11976790E+01
    1376.,  0.00000000E+00,  0.00000000E+00,  0.00000000E+00,  0.00000000E+00,  0.19484736E+02, -0.11976790E+01
    1377.,  0.00000000E+00,  0.00000000E+00,  0.00000000E+00,  0.00000000E+00,  0.19272489E+02, -0.11976790E+01
    1378.,  0.00000000E+00,  0.00000000E+00,  0.00000000E+00,  0.00000000E+00,  0.18907469E+02, -0.11976790E+01
    1379.,  0.00000000E+00,  0.00000000E+00,  0.00000000E+00,  0.00000000E+00,  0.18282975E+02, -0.11976790E+01
    1380.,  0.00000000E+00,  0.00000000E+00,  0.00000000E+00,  0.00000000E+00,  0.17237527E+02, -0.11976790E+01
    1381.,  0.00000000E+00,  0.00000000E+00,  0.00000000E+00,  0.00000000E+00,  0.15569631E+02, -0.11976790E+01
    1382.,  0.00000000E+00,  0.00000000E+00,  0.00000000E+00,  0.00000000E+00,  0.13112507E+02, -0.11976790E+01
    1383.,  0.00000000E+00,  0.00000000E+00,  0.00000000E+00,  0.00000000E+00,  0.99359845E+01, -0.11976790E+01
    1384.,  0.00000000E+00,  0.00000000E+00,  0.00000000E+00,  0.00000000E+00,  0.68573290E+01, -0.11976790E+01
    1385.,  0.00000000E+00,  0.00000000E+00,  0.00000000E+00,  0.00000000E+00,  0.63889754E+01, -0.11976790E+01
    1386.,  0.00000000E+00,  0.00000000E+00,  0.00000000E+00,  0.00000000E+00,  0.93289266E+01, -0.11976790E+01
    1387.,  0.00000000E+00,  0.00000000E+00,  0.00000000E+00,  0.00000000E+00,  0.13046661E+02, -0.11976790E+01
    1388.,  0.00000000E+00,  0.00000000E+00,  0.00000000E+00,  0.00000000E+00,  0.16263763E+02, -0.11976790E+01
    1389.,  0.00000000E+00,  0.00000000E+00,  0.00000000E+00,  0.00000000E+00,  0.18689691E+02, -0.11976790E+01
    1390.,  0.00000000E+00,  0.00000000E+00,  0.00000000E+00,  0.00000000E+00,  0.20385349E+02, -0.11976790E+01
    1391.,  0.00000000E+00,  0.00000000E+00,  0.00000000E+00,  0.00000000E+00,  0.21521919E+02, -0.11976790E+01
    1392.,  0.00000000E+00,  0.00000000E+00,  0.00000000E+00,  0.00000000E+00,  0.22259330E+02, -0.11976790E+01
    1393.,  0.00000000E+00,  0.00000000E+00,  0.00000000E+00,  0.00000000E+00,  0.22791535E+02, -0.11976790E+01
    1394.,  0.00000000E+00,  0.00000000E+00,  0.00000000E+00,  0.00000000E+00,  0.23246833E+02, -0.11976790E+01
    1395.,  0.00000000E+00,  0.00000000E+00,  0.00000000E+00,  0.00000000E+00,  0.23716044E+02, -0.11976790E+01
    1396.,  0.00000000E+00,  0.00000000E+00,  0.00000000E+00,  0.00000000E+00,  0.24387428E+02, -0.11976790E+01
    1397.,  0.00000000E+00,  0.00000000E+00,  0.00000000E+00,  0.00000000E+00,  0.25539963E+02, -0.11976790E+01
    1398.,  0.00000000E+00,  0.00000000E+00,  0.00000000E+00,  0.00000000E+00,  0.27691258E+02, -0.11976790E+01
    1399.,  0.00000000E+00,  0.00000000E+00,  0.00000000E+00,  0.00000000E+00,  0.31574495E+02, -0.11976790E+01
    1400.,  0.00000000E+00,  0.00000000E+00,  0.00000000E+00,  0.00000000E+00,  0.38586311E+02, -0.11976790E+01
    1401.,  0.00000000E+00,  0.00000000E+00,  0.00000000E+00,  0.00000000E+00,  0.51734487E+02, -0.11976790E+01
    1402.,  0.00000000E+00,  0.00000000E+00,  0.00000000E+00,  0.00000000E+00,  0.72469571E+02, -0.11976790E+01
    1403.,  0.00000000E+00,  0.00000000E+00,  0.00000000E+00,  0.00000000E+00,  0.94427559E+02, -0.11976790E+01
    1404.,  0.00000000E+00,  0.00000000E+00,  0.00000000E+00,  0.00000000E+00,  0.11047356E+03, -0.11976790E+01
    1405.,  0.00000000E+00,  0.00000000E+00,  0.00000000E+00,  0.00000000E+00,  0.11101111E+03, -0.11976790E+01
    1406.,  0.00000000E+00,  0.00000000E+00,  0.00000000E+00,  0.00000000E+00,  0.87826761E+02, -0.11976790E+01
    1407.,  0.00000000E+00,  0.00000000E+00,  0.00000000E+00,  0.00000000E+00,  0.53692863E+02, -0.11976790E+01
    1408.,  0.00000000E+00,  0.00000000E+00,  0.00000000E+00,  0.16654073E-03,  0.12773528E+03, -0.11976790E+01
    1409.,  0.00000000E+00,  0.00000000E+00,  0.00000000E+00,  0.55026730E-02,  0.21832003E+03, -0.11976790E+01
    1410.,  0.00000000E+00,  0.00000000E+00,  0.00000000E+00,  0.29388726E-02,  0.20342291E+03, -0.11976790E+01
    1411.,  0.00000000E+00,  0.00000000E+00,  0.00000000E+00,  0.12651047E-02,  0.19327636E+03, -0.11976790E+01
    1412.,  0.00000000E+00,  0.00000000E+00,  0.00000000E+00,  0.36760352E-03,  0.18663505E+03, -0.11976790E+01
    1413.,  0.00000000E+00,  0.00000000E+00,  0.00000000E+00,  0.00000000E+00,  0.15205456E+03, -0.11976790E+01
    1414.,  0.00000000E+00,  0.00000000E+00,  0.00000000E+00,  0.00000000E+00,  0.86854258E+02, -0.11976790E+01
    1415.,  0.00000000E+00,  0.00000000E+00,  0.00000000E+00,  0.00000000E+00,  0.49228386E+02, -0.11976790E+01
    1416.,  0.00000000E+00,  0.00000000E+00,  0.00000000E+00,  0.00000000E+00,  0.11648111E+03, -0.11976790E+01
    1417.,  0.00000000E+00,  0.00000000E+00,  0.00000000E+00,  0.00000000E+00,  0.16129433E+03, -0.11976790E+01
    1418.,  0.00000000E+00,  0.00000000E+00,  0.00000000E+00,  0.00000000E+00,  0.12895934E+03, -0.11976790E+01
    1419.,  0.00000000E+00,  0.00000000E+00,  0.00000000E+00,  0.00000000E+00,  0.98027665E+02, -0.11976790E+01
    1420.,  0.00000000E+00,  0.00000000E+00,  0.00000000E+00,  0.00000000E+00,  0.13212721E+03, -0.11976790E+01
    1421.,  0.00000000E+00,  0.00000000E+00,  0.00000000E+00,  0.34041207E-05,  0.17573525E+03, -0.11976790E+01
    1422.,  0.00000000E+00,  0.00000000E+00,  0.00000000E+00,  0.27987267E-03,  0.18575463E+03, -0.11976790E+01
    1423.,  0.00000000E+00,  0.00000000E+00,  0.00000000E+00,  0.19436657E-03,  0.17920522E+03, -0.11976790E+01
    1424.,  0.00000000E+00,  0.00000000E+00,  0.00000000E+00,  0.70192936E-03,  0.18473776E+03, -0.11976790E+01
    1425.,  0.00000000E+00,  0.00000000E+00,  0.00000000E+00,  0.41778126E-03,  0.16032627E+03, -0.11976790E+01
    1426.,  0.00000000E+00,  0.00000000E+00,  0.00000000E+00,  0.00000000E+00,  0.87760536E+02, -0.11976790E+01
    1427.,  0.00000000E+00,  0.00000000E+00,  0.00000000E+00,  0.00000000E+00,  0.10803628E+03, -0.11976790E+01
    1428.,  0.00000000E+00,  0.00000000E+00,  0.00000000E+00,  0.00000000E+00,  0.10009069E+03, -0.11976790E+01
    1429.,  0.00000000E+00,  0.00000000E+00,  0.00000000E+00,  0.00000000E+00,  0.89285964E+02, -0.11976790E+01
    1430.,  0.00000000E+00,  0.00000000E+00,  0.00000000E+00,  0.00000000E+00,  0.68460615E+02, -0.11976790E+01
    1431.,  0.00000000E+00,  0.00000000E+00,  0.00000000E+00,  0.00000000E+00,  0.50342467E+02, -0.11976790E+01
    1432.,  0.00000000E+00,  0.00000000E+00,  0.00000000E+00,  0.00000000E+00,  0.33324323E+02, -0.11976790E+01
    1433.,  0.00000000E+00,  0.00000000E+00,  0.00000000E+00,  0.00000000E+00,  0.19344268E+02, -0.11976790E+01
    1434.,  0.00000000E+00,  0.00000000E+00,  0.00000000E+00,  0.00000000E+00,  0.14058865E+02, -0.11976790E+01
    1435.,  0.00000000E+00,  0.00000000E+00,  0.00000000E+00,  0.00000000E+00,  0.13972466E+02, -0.11976790E+01
    1436.,  0.00000000E+00,  0.00000000E+00,  0.00000000E+00,  0.00000000E+00,  0.14538684E+02, -0.11976790E+01
    1437.,  0.00000000E+00,  0.00000000E+00,  0.00000000E+00,  0.00000000E+00,  0.15220262E+02, -0.11976790E+01
    1438.,  0.00000000E+00,  0.00000000E+00,  0.00000000E+00,  0.00000000E+00,  0.15932011E+02, -0.11976790E+01
    1439.,  0.00000000E+00,  0.00000000E+00,  0.00000000E+00,  0.00000000E+00,  0.16587024E+02, -0.11976790E+01
    1440.,  0.00000000E+00,  0.00000000E+00,  0.00000000E+00,  0.00000000E+00,  0.17105671E+02, -0.11976790E+01
    1441.,  0.00000000E+00,  0.00000000E+00,  0.00000000E+00,  0.00000000E+00,  0.17461580E+02, -0.11976790E+01
    1442.,  0.00000000E+00,  0.00000000E+00,  0.00000000E+00,  0.00000000E+00,  0.17692861E+02, -0.11976790E+01
    1443.,  0.00000000E+00,  0.00000000E+00,  0.00000000E+00,  0.00000000E+00,  0.17690348E+02, -0.11976790E+01
    1444.,  0.00000000E+00,  0.00000000E+00,  0.00000000E+00,  0.00000000E+00,  0.17294714E+02, -0.11976790E+01
    1445.,  0.00000000E+00,  0.00000000E+00,  0.00000000E+00,  0.00000000E+00,  0.16301992E+02, -0.11976790E+01
    1446.,  0.00000000E+00,  0.00000000E+00,  0.00000000E+00,  0.00000000E+00,  0.14574000E+02, -0.11976790E+01
    1447.,  0.00000000E+00,  0.00000000E+00,  0.00000000E+00,  0.00000000E+00,  0.12240434E+02, -0.11976790E+01
    1448.,  0.00000000E+00,  0.00000000E+00,  0.00000000E+00,  0.00000000E+00,  0.10041120E+02, -0.11976790E+01
    1449.,  0.00000000E+00,  0.00000000E+00,  0.00000000E+00,  0.00000000E+00,  0.94594778E+01, -0.11976790E+01
    1450.,  0.00000000E+00,  0.00000000E+00,  0.00000000E+00,  0.00000000E+00,  0.11158421E+02, -0.11976790E+01
    1451.,  0.00000000E+00,  0.00000000E+00,  0.00000000E+00,  0.00000000E+00,  0.13877075E+02, -0.11976790E+01
    1452.,  0.00000000E+00,  0.00000000E+00,  0.00000000E+00,  0.00000000E+00,  0.16393215E+02, -0.11976790E+01
    1453.,  0.00000000E+00,  0.00000000E+00,  0.00000000E+00,  0.00000000E+00,  0.18235695E+02, -0.11976790E+01
    1454.,  0.00000000E+00,  0.00000000E+00,  0.00000000E+00,  0.00000000E+00,  0.19375229E+02, -0.11976790E+01
    1455.,  0.00000000E+00,  0.00000000E+00,  0.00000000E+00,  0.00000000E+00,  0.19949532E+02, -0.11976790E+01
    1456.,  0.00000000E+00,  0.00000000E+00,  0.00000000E+00,  0.00000000E+00,  0.20155930E+02, -0.11976790E+01
    1457.,  0.00000000E+00,  0.00000000E+00,  0.00000000E+00,  0.00000000E+00,  0.20074278E+02, -0.11976790E+01
    1458.,  0.00000000E+00,  0.00000000E+00,  0.00000000E+00,  0.00000000E+00,  0.19731601E+02, -0.11976790E+01
    1459.,  0.00000000E+00,  0.00000000E+00,  0.00000000E+00,  0.00000000E+00,  0.19249809E+02, -0.11976790E+01
    1460.,  0.00000000E+00,  0.00000000E+00,  0.00000000E+00,  0.00000000E+00,  0.18693576E+02, -0.11976790E+01
    1461.,  0.00000000E+00,  0.00000000E+00,  0.00000000E+00,  0.00000000E+00,  0.18738808E+02, -0.11976790E+01
    1462.,  0.00000000E+00,  0.00000000E+00,  0.00000000E+00,  0.00000000E+00,  0.21232430E+02, -0.11976790E+01
    1463.,  0.00000000E+00,  0.00000000E+00,  0.00000000E+00,  0.00000000E+00,  0.27681449E+02, -0.11976790E+01
    1464.,  0.00000000E+00,  0.00000000E+00,  0.00000000E+00,  0.00000000E+00,  0.33561324E+02, -0.11976790E+01
    1465.,  0.00000000E+00,  0.00000000E+00,  0.00000000E+00,  0.00000000E+00,  0.41758258E+02, -0.11976790E+01
    1466.,  0.00000000E+00,  0.00000000E+00,  0.00000000E+00,  0.00000000E+00,  0.62294631E+02, -0.11976790E+01
    1467.,  0.00000000E+00,  0.00000000E+00,  0.00000000E+00,  0.00000000E+00,  0.93638693E+02, -0.11976790E+01
    1468.,  0.00000000E+00,  0.00000000E+00,  0.00000000E+00,  0.00000000E+00,  0.13320167E+03, -0.11976790E+01
    1469.,  0.00000000E+00,  0.00000000E+00,  0.00000000E+00,  0.10677488E-03,  0.18027588E+03, -0.11976790E+01
    1470.,  0.00000000E+00,  0.00000000E+00,  0.00000000E+00,  0.81215818E-03,  0.18857526E+03, -0.11976790E+01
    1471.,  0.00000000E+00,  0.00000000E+00,  0.00000000E+00,  0.21936597E-02,  0.19876100E+03, -0.11976790E+01
    1472.,  0.00000000E+00,  0.00000000E+00,  0.00000000E+00,  0.53107670E-02,  0.21685739E+03, -0.11976790E+01
    1473.,  0.00000000E+00,  0.00000000E+00,  0.00000000E+00,  0.10155537E-01,  0.24274389E+03, -0.11976790E+01
    1474.,  0.00000000E+00,  0.00000000E+00,  0.00000000E+00,  0.54912787E-02,  0.21743312E+03, -0.11976790E+01
    1475.,  0.00000000E+00,  0.00000000E+00,  0.00000000E+00,  0.29798239E-02,  0.20486050E+03, -0.11976790E+01
    1476.,  0.00000000E+00,  0.00000000E+00,  0.00000000E+00,  0.22492785E-02,  0.19849037E+03, -0.11976790E+01
    1477.,  0.00000000E+00,  0.00000000E+00,  0.00000000E+00,  0.10300355E-02,  0.18891867E+03, -0.11976790E+01
    1478.,  0.00000000E+00,  0.00000000E+00,  0.00000000E+00,  0.29450444E-03,  0.17459945E+03, -0.11976790E+01
    1479.,  0.00000000E+00,  0.00000000E+00,  0.00000000E+00,  0.99223079E-04,  0.14697006E+03, -0.11976790E+01
    1480.,  0.00000000E+00,  0.00000000E+00,  0.00000000E+00,  0.59622193E-03,  0.18360601E+03, -0.11976790E+01
    1481.,  0.00000000E+00,  0.00000000E+00,  0.00000000E+00,  0.16085685E-02,  0.19545159E+03, -0.11976790E+01
    1482.,  0.00000000E+00,  0.00000000E+00,  0.00000000E+00,  0.23547354E-02,  0.20072623E+03, -0.11976790E+01
    1483.,  0.00000000E+00,  0.00000000E+00,  0.00000000E+00,  0.30764286E-02,  0.20572185E+03, -0.11976790E+01
    1484.,  0.00000000E+00,  0.00000000E+00,  0.00000000E+00,  0.46251017E-02,  0.21518663E+03, -0.11976790E+01
    1485.,  0.00000000E+00,  0.00000000E+00,  0.00000000E+00,  0.63095490E-02,  0.22499849E+03, -0.11976790E+01
    1486.,  0.00000000E+00,  0.00000000E+00,  0.00000000E+00,  0.72123059E-02,  0.23020528E+03, -0.11976790E+01
    1487.,  0.00000000E+00,  0.00000000E+00,  0.00000000E+00,  0.69235351E-02,  0.22715265E+03, -0.11976790E+01
    1488.,  0.00000000E+00,  0.00000000E+00,  0.00000000E+00,  0.68547179E-02,  0.22712997E+03, -0.11976790E+01
    1489.,  0.00000000E+00,  0.00000000E+00,  0.00000000E+00,  0.58441524E-02,  0.21629877E+03, -0.11976790E+01
    1490.,  0.00000000E+00,  0.00000000E+00,  0.00000000E+00,  0.15248902E-02,  0.19229588E+03, -0.11976790E+01
    1491.,  0.00000000E+00,  0.00000000E+00,  0.00000000E+00,  0.39545637E-03,  0.18630530E+03, -0.11976790E+01
    1492.,  0.00000000E+00,  0.00000000E+00,  0.00000000E+00,  0.00000000E+00,  0.15467902E+03, -0.11976790E+01
    1493.,  0.00000000E+00,  0.00000000E+00,  0.00000000E+00,  0.00000000E+00,  0.11645969E+03, -0.11976790E+01
    1494.,  0.00000000E+00,  0.00000000E+00,  0.00000000E+00,  0.00000000E+00,  0.11989850E+03, -0.11976790E+01
    1495.,  0.00000000E+00,  0.00000000E+00,  0.00000000E+00,  0.00000000E+00,  0.13077853E+03, -0.11976790E+01
    1496.,  0.00000000E+00,  0.00000000E+00,  0.00000000E+00,  0.00000000E+00,  0.10259093E+03, -0.11976790E+01
    1497.,  0.00000000E+00,  0.00000000E+00,  0.00000000E+00,  0.00000000E+00,  0.49800059E+02, -0.11976790E+01
    1498.,  0.00000000E+00,  0.00000000E+00,  0.00000000E+00,  0.00000000E+00,  0.14458236E+02, -0.11976790E+01
    1499.,  0.00000000E+00,  0.00000000E+00,  0.00000000E+00,  0.00000000E+00,  0.88210415E+01, -0.11976790E+01
    1500.,  0.00000000E+00,  0.00000000E+00,  0.00000000E+00,  0.00000000E+00,  0.11385256E+02, -0.11976790E+01
    1501.,  0.00000000E+00,  0.00000000E+00,  0.00000000E+00,  0.00000000E+00,  0.13351806E+02, -0.11976790E+01
    1502.,  0.00000000E+00,  0.00000000E+00,  0.00000000E+00,  0.00000000E+00,  0.14705262E+02, -0.11976790E+01
    1503.,  0.00000000E+00,  0.00000000E+00,  0.00000000E+00,  0.00000000E+00,  0.15720627E+02, -0.11976790E+01
    1504.,  0.00000000E+00,  0.00000000E+00,  0.00000000E+00,  0.00000000E+00,  0.16578732E+02, -0.11976790E+01
    1505.,  0.00000000E+00,  0.00000000E+00,  0.00000000E+00,  0.00000000E+00,  0.17227489E+02, -0.11976790E+01
    1506.,  0.00000000E+00,  0.00000000E+00,  0.00000000E+00,  0.00000000E+00,  0.17647712E+02, -0.11976790E+01
    1507.,  0.00000000E+00,  0.00000000E+00,  0.00000000E+00,  0.00000000E+00,  0.17947561E+02, -0.11976790E+01
    1508.,  0.00000000E+00,  0.00000000E+00,  0.00000000E+00,  0.00000000E+00,  0.17948327E+02, -0.11976790E+01
    1509.,  0.00000000E+00,  0.00000000E+00,  0.00000000E+00,  0.00000000E+00,  0.17487532E+02, -0.11976790E+01
    1510.,  0.00000000E+00,  0.00000000E+00,  0.00000000E+00,  0.00000000E+00,  0.16492998E+02, -0.11976790E+01
    1511.,  0.00000000E+00,  0.00000000E+00,  0.00000000E+00,  0.00000000E+00,  0.15115572E+02, -0.11976790E+01
    1512.,  0.00000000E+00,  0.00000000E+00,  0.00000000E+00,  0.00000000E+00,  0.13817735E+02, -0.11976790E+01
    1513.,  0.00000000E+00,  0.00000000E+00,  0.00000000E+00,  0.00000000E+00,  0.13246299E+02, -0.11976790E+01
    1514.,  0.00000000E+00,  0.00000000E+00,  0.00000000E+00,  0.00000000E+00,  0.13758456E+02, -0.11976790E+01
    1515.,  0.00000000E+00,  0.00000000E+00,  0.00000000E+00,  0.00000000E+00,  0.15045582E+02, -0.11976790E+01
    1516.,  0.00000000E+00,  0.00000000E+00,  0.00000000E+00,  0.00000000E+00,  0.16482304E+02, -0.11976790E+01
    1517.,  0.00000000E+00,  0.00000000E+00,  0.00000000E+00,  0.00000000E+00,  0.17642623E+02, -0.11976790E+01
    1518.,  0.00000000E+00,  0.00000000E+00,  0.00000000E+00,  0.00000000E+00,  0.18410320E+02, -0.11976790E+01
    1519.,  0.00000000E+00,  0.00000000E+00,  0.00000000E+00,  0.00000000E+00,  0.18857777E+02, -0.11976790E+01
    1520.,  0.00000000E+00,  0.00000000E+00,  0.00000000E+00,  0.00000000E+00,  0.19033396E+02, -0.11976790E+01
    1521.,  0.00000000E+00,  0.00000000E+00,  0.00000000E+00,  0.00000000E+00,  0.19018050E+02, -0.11976790E+01
    1522.,  0.00000000E+00,  0.00000000E+00,  0.00000000E+00,  0.00000000E+00,  0.19192003E+02, -0.11976790E+01
    1523.,  0.00000000E+00,  0.00000000E+00,  0.00000000E+00,  0.00000000E+00,  0.19472288E+02, -0.11976790E+01
    1524.,  0.00000000E+00,  0.00000000E+00,  0.00000000E+00,  0.00000000E+00,  0.20304919E+02, -0.11976790E+01
    1525.,  0.00000000E+00,  0.00000000E+00,  0.00000000E+00,  0.00000000E+00,  0.23508873E+02, -0.11976790E+01
    1526.,  0.00000000E+00,  0.00000000E+00,  0.00000000E+00,  0.00000000E+00,  0.40464687E+02, -0.11976790E+01
    1527.,  0.00000000E+00,  0.00000000E+00,  0.00000000E+00,  0.00000000E+00,  0.87943041E+02, -0.11976790E+01
    1528.,  0.00000000E+00,  0.00000000E+00,  0.00000000E+00,  0.00000000E+00,  0.14204645E+03, -0.11976790E+01
    1529.,  0.00000000E+00,  0.00000000E+00,  0.00000000E+00,  0.00000000E+00,  0.17430619E+03, -0.11976790E+01
    1530.,  0.00000000E+00,  0.00000000E+00,  0.00000000E+00,  0.95657090E-04,  0.18546700E+03, -0.11976790E+01
    1531.,  0.00000000E+00,  0.00000000E+00,  0.00000000E+00,  0.27139866E-03,  0.18663276E+03, -0.11976790E+01
    1532.,  0.00000000E+00,  0.00000000E+00,  0.00000000E+00,  0.59268258E-03,  0.18859643E+03, -0.11976790E+01
    1533.,  0.00000000E+00,  0.00000000E+00,  0.00000000E+00,  0.12772016E-02,  0.19345016E+03, -0.11976790E+01
    1534.,  0.00000000E+00,  0.00000000E+00,  0.00000000E+00,  0.26854084E-02,  0.20031365E+03, -0.11976790E+01
    1535.,  0.00000000E+00,  0.00000000E+00,  0.00000000E+00,  0.44882611E-02,  0.21392884E+03, -0.11976790E+01
    1536.,  0.00000000E+00,  0.00000000E+00,  0.00000000E+00,  0.92884733E-02,  0.23941343E+03, -0.11976790E+01
    1537.,  0.00000000E+00,  0.00000000E+00,  0.00000000E+00,  0.49510454E-01,  0.34464098E+03, -0.11976790E+01
    1538.,  0.00000000E+00,  0.00000000E+00,  0.00000000E+00,  0.57108962E-01,  0.35810932E+03, -0.11976790E+01
    1539.,  0.00000000E+00,  0.00000000E+00,  0.00000000E+00,  0.64394198E-01,  0.37007046E+03, -0.11976790E+01
    1540.,  0.00000000E+00,  0.00000000E+00,  0.00000000E+00,  0.66693341E-01,  0.37368796E+03, -0.11976790E+01
    1541.,  0.00000000E+00,  0.00000000E+00,  0.00000000E+00,  0.59409376E-01,  0.36094124E+03, -0.11976790E+01
    1542.,  0.00000000E+00,  0.00000000E+00,  0.00000000E+00,  0.41090791E-01,  0.32791720E+03, -0.11976790E+01
    1543.,  0.00000000E+00,  0.00000000E+00,  0.00000000E+00,  0.18773067E-01,  0.27550677E+03, -0.11976790E+01
    1544.,  0.00000000E+00,  0.00000000E+00,  0.00000000E+00,  0.87936539E-02,  0.22286938E+03, -0.11976790E+01
    1545.,  0.00000000E+00,  0.00000000E+00,  0.00000000E+00,  0.27252968E-01,  0.30213947E+03, -0.11976790E+01
    1546.,  0.00000000E+00,  0.00000000E+00,  0.00000000E+00,  0.48914813E-01,  0.34454929E+03, -0.11976790E+01
    1547.,  0.00000000E+00,  0.00000000E+00,  0.00000000E+00,  0.65330028E-01,  0.37149146E+03, -0.11976790E+01
    1548.,  0.00000000E+00,  0.00000000E+00,  0.00000000E+00,  0.79742478E-01,  0.39370985E+03, -0.11976790E+01
    1549.,  0.00000000E+00,  0.00000000E+00,  0.00000000E+00,  0.87536495E-01,  0.40534058E+03, -0.11976790E+01
    1550.,  0.00000000E+00,  0.00000000E+00,  0.00000000E+00,  0.84902328E-01,  0.40137930E+03, -0.11976790E+01
    1551.,  0.00000000E+00,  0.00000000E+00,  0.00000000E+00,  0.75668329E-01,  0.38764874E+03, -0.11976790E+01
    1552.,  0.00000000E+00,  0.00000000E+00,  0.00000000E+00,  0.62917527E-01,  0.36698203E+03, -0.11976790E+01
    1553.,  0.00000000E+00,  0.00000000E+00,  0.00000000E+00,  0.52271029E-01,  0.34960327E+03, -0.11976790E+01
    1554.,  0.00000000E+00,  0.00000000E+00,  0.00000000E+00,  0.44390966E-01,  0.33622519E+03, -0.11976790E+01
    1555.,  0.00000000E+00,  0.00000000E+00,  0.00000000E+00,  0.32866913E-01,  0.31492434E+03, -0.11976790E+01
    1556.,  0.00000000E+00,  0.00000000E+00,  0.00000000E+00,  0.20414843E-01,  0.28453953E+03, -0.11976790E+01
    1557.,  0.00000000E+00,  0.00000000E+00,  0.00000000E+00,  0.10748993E-01,  0.24724741E+03, -0.11976790E+01
    1558.,  0.00000000E+00,  0.00000000E+00,  0.00000000E+00,  0.53327476E-02,  0.21937055E+03, -0.11976790E+01
    1559.,  0.00000000E+00,  0.00000000E+00,  0.00000000E+00,  0.23222778E-02,  0.20053999E+03, -0.11976790E+01
    1560.,  0.00000000E+00,  0.00000000E+00,  0.00000000E+00,  0.51827213E-03,  0.18759492E+03, -0.11976790E+01
    1561.,  0.00000000E+00,  0.00000000E+00,  0.00000000E+00,  0.00000000E+00,  0.11974142E+03, -0.11976790E+01
    1562.,  0.00000000E+00,  0.00000000E+00,  0.00000000E+00,  0.00000000E+00,  0.43159394E+02, -0.11976790E+01
    1563.,  0.00000000E+00,  0.00000000E+00,  0.00000000E+00,  0.00000000E+00,  0.13573628E+02, -0.11976790E+01
    1564.,  0.00000000E+00,  0.00000000E+00,  0.00000000E+00,  0.00000000E+00,  0.10820014E+02, -0.11976790E+01
    1565.,  0.00000000E+00,  0.00000000E+00,  0.00000000E+00,  0.00000000E+00,  0.13057005E+02, -0.11976790E+01
    1566.,  0.00000000E+00,  0.00000000E+00,  0.00000000E+00,  0.00000000E+00,  0.14415411E+02, -0.11976790E+01
    1567.,  0.00000000E+00,  0.00000000E+00,  0.00000000E+00,  0.00000000E+00,  0.15291215E+02, -0.11976790E+01
    1568.,  0.00000000E+00,  0.00000000E+00,  0.00000000E+00,  0.00000000E+00,  0.15891656E+02, -0.11976790E+01
    1569.,  0.00000000E+00,  0.00000000E+00,  0.00000000E+00,  0.00000000E+00,  0.16609342E+02, -0.11976790E+01
    1570.,  0.00000000E+00,  0.00000000E+00,  0.00000000E+00,  0.00000000E+00,  0.17356572E+02, -0.11976790E+01
    1571.,  0.00000000E+00,  0.00000000E+00,  0.00000000E+00,  0.00000000E+00,  0.17945148E+02, -0.11976790E+01
    1572.,  0.00000000E+00,  0.00000000E+00,  0.00000000E+00,  0.00000000E+00,  0.18255229E+02, -0.11976790E+01
    1573.,  0.00000000E+00,  0.00000000E+00,  0.00000000E+00,  0.00000000E+00,  0.18199996E+02, -0.11976790E+01
    1574.,  0.00000000E+00,  0.00000000E+00,  0.00000000E+00,  0.00000000E+00,  0.17801789E+02, -0.11976790E+01
    1575.,  0.00000000E+00,  0.00000000E+00,  0.00000000E+00,  0.00000000E+00,  0.17233595E+02, -0.11976790E+01
    1576.,  0.00000000E+00,  0.00000000E+00,  0.00000000E+00,  0.00000000E+00,  0.16728463E+02, -0.11976790E+01
    1577.,  0.00000000E+00,  0.00000000E+00,  0.00000000E+00,  0.00000000E+00,  0.16448111E+02, -0.11976790E+01
    1578.,  0.00000000E+00,  0.00000000E+00,  0.00000000E+00,  0.00000000E+00,  0.16498788E+02, -0.11976790E+01
    1579.,  0.00000000E+00,  0.00000000E+00,  0.00000000E+00,  0.00000000E+00,  0.16922776E+02, -0.11976790E+01
    1580.,  0.00000000E+00,  0.00000000E+00,  0.00000000E+00,  0.00000000E+00,  0.17590402E+02, -0.11976790E+01
    1581.,  0.00000000E+00,  0.00000000E+00,  0.00000000E+00,  0.00000000E+00,  0.18271329E+02, -0.11976790E+01
    1582.,  0.00000000E+00,  0.00000000E+00,  0.00000000E+00,  0.00000000E+00,  0.18813172E+02, -0.11976790E+01
    1583.,  0.00000000E+00,  0.00000000E+00,  0.00000000E+00,  0.00000000E+00,  0.19189834E+02, -0.11976790E+01
    1584.,  0.00000000E+00,  0.00000000E+00,  0.00000000E+00,  0.00000000E+00,  0.19546733E+02, -0.11976790E+01
    1585.,  0.00000000E+00,  0.00000000E+00,  0.00000000E+00,  0.00000000E+00,  0.20117581E+02, -0.11976790E+01
    1586.,  0.00000000E+00,  0.00000000E+00,  0.00000000E+00,  0.00000000E+00,  0.20493098E+02, -0.11976790E+01
    1587.,  0.00000000E+00,  0.00000000E+00,  0.00000000E+00,  0.00000000E+00,  0.21443150E+02, -0.11976790E+01
    1588.,  0.00000000E+00,  0.00000000E+00,  0.00000000E+00,  0.00000000E+00,  0.24700123E+02, -0.11976790E+01
    1589.,  0.00000000E+00,  0.00000000E+00,  0.00000000E+00,  0.00000000E+00,  0.38812609E+02, -0.11976790E+01
    1590.,  0.00000000E+00,  0.00000000E+00,  0.00000000E+00,  0.00000000E+00,  0.83785445E+02, -0.11976790E+01
    1591.,  0.00000000E+00,  0.00000000E+00,  0.00000000E+00,  0.12238395E-03,  0.17046401E+03, -0.11976790E+01
    1592.,  0.00000000E+00,  0.00000000E+00,  0.00000000E+00,  0.16913832E-02,  0.19596661E+03, -0.11976790E+01
    1593.,  0.00000000E+00,  0.00000000E+00,  0.00000000E+00,  0.57282335E-02,  0.22148283E+03, -0.11976790E+01
    1594.,  0.00000000E+00,  0.00000000E+00,  0.00000000E+00,  0.12616973E-01,  0.25635874E+03, -0.11976790E+01
    1595.,  0.00000000E+00,  0.00000000E+00,  0.00000000E+00,  0.22899623E-01,  0.29367988E+03, -0.11976790E+01
    1596.,  0.00000000E+00,  0.00000000E+00,  0.00000000E+00,  0.36132300E-01,  0.32246452E+03, -0.11976790E+01
    1597.,  0.00000000E+00,  0.00000000E+00,  0.00000000E+00,  0.46788597E-01,  0.34104855E+03, -0.11976790E+01
    1598.,  0.00000000E+00,  0.00000000E+00,  0.00000000E+00,  0.50437313E-01,  0.34730233E+03, -0.11976790E+01
    1599.,  0.00000000E+00,  0.00000000E+00,  0.00000000E+00,  0.49721694E-01,  0.34599037E+03, -0.11976790E+01
    1600.,  0.00000000E+00,  0.00000000E+00,  0.00000000E+00,  0.47816274E-01,  0.34235647E+03, -0.11976790E+01
    1601.,  0.00000000E+00,  0.00000000E+00,  0.00000000E+00,  0.30837940E-02,  0.18521725E+03, -0.11976790E+01
    1602.,  0.00000000E+00,  0.00000000E+00,  0.00000000E+00,  0.55661622E-02,  0.21750667E+03, -0.11976790E+01
    1603.,  0.00000000E+00,  0.00000000E+00,  0.00000000E+00,  0.13188743E-01,  0.25474480E+03, -0.11976790E+01
    1604.,  0.00000000E+00,  0.00000000E+00,  0.00000000E+00,  0.26731830E-01,  0.30341576E+03, -0.11976790E+01
    1605.,  0.00000000E+00,  0.00000000E+00,  0.00000000E+00,  0.39358043E-01,  0.32689403E+03, -0.11976790E+01
    1606.,  0.00000000E+00,  0.00000000E+00,  0.00000000E+00,  0.45829424E-01,  0.33861971E+03, -0.11976790E+01
    1607.,  0.00000000E+00,  0.00000000E+00,  0.00000000E+00,  0.33143637E-01,  0.31553009E+03, -0.11976790E+01
    1608.,  0.00000000E+00,  0.00000000E+00,  0.00000000E+00,  0.16597649E-01,  0.25829338E+03, -0.11976790E+01
    1609.,  0.00000000E+00,  0.00000000E+00,  0.00000000E+00,  0.19975092E-01,  0.28019289E+03, -0.11976790E+01
    1610.,  0.00000000E+00,  0.00000000E+00,  0.00000000E+00,  0.28983717E-01,  0.30954179E+03, -0.11976790E+01
    1611.,  0.00000000E+00,  0.00000000E+00,  0.00000000E+00,  0.29952425E-01,  0.31079027E+03, -0.11976790E+01
    1612.,  0.00000000E+00,  0.00000000E+00,  0.00000000E+00,  0.22794603E-01,  0.29275938E+03, -0.11976790E+01
    1613.,  0.00000000E+00,  0.00000000E+00,  0.00000000E+00,  0.13253957E-01,  0.25560156E+03, -0.11976790E+01
    1614.,  0.00000000E+00,  0.00000000E+00,  0.00000000E+00,  0.64118912E-02,  0.22162426E+03, -0.11976790E+01
    1615.,  0.00000000E+00,  0.00000000E+00,  0.00000000E+00,  0.30607225E-02,  0.19275201E+03, -0.11976790E+01
    1616.,  0.00000000E+00,  0.00000000E+00,  0.00000000E+00,  0.55324527E-02,  0.19149481E+03, -0.11976790E+01
    1617.,  0.00000000E+00,  0.00000000E+00,  0.00000000E+00,  0.14716625E-01,  0.25247523E+03, -0.11976790E+01
    1618.,  0.00000000E+00,  0.00000000E+00,  0.00000000E+00,  0.22214757E-01,  0.29015000E+03, -0.11976790E+01
    1619.,  0.00000000E+00,  0.00000000E+00,  0.00000000E+00,  0.26917705E-01,  0.30530450E+03, -0.11976790E+01
    1620.,  0.00000000E+00,  0.00000000E+00,  0.00000000E+00,  0.24371584E-01,  0.29789700E+03, -0.11976790E+01
    1621.,  0.00000000E+00,  0.00000000E+00,  0.00000000E+00,  0.15015520E-01,  0.26596364E+03, -0.11976790E+01
    1622.,  0.00000000E+00,  0.00000000E+00,  0.00000000E+00,  0.64863563E-02,  0.22541526E+03, -0.11976790E+01
    1623.,  0.00000000E+00,  0.00000000E+00,  0.00000000E+00,  0.22939075E-02,  0.19997693E+03, -0.11976790E+01
    1624.,  0.00000000E+00,  0.00000000E+00,  0.00000000E+00,  0.59617020E-03,  0.18861467E+03, -0.11976790E+01
    1625.,  0.00000000E+00,  0.00000000E+00,  0.00000000E+00,  0.00000000E+00,  0.14135085E+03, -0.11976790E+01
    1626.,  0.00000000E+00,  0.00000000E+00,  0.00000000E+00,  0.00000000E+00,  0.61867614E+02, -0.11976790E+01
    1627.,  0.00000000E+00,  0.00000000E+00,  0.00000000E+00,  0.00000000E+00,  0.23734545E+02, -0.11976790E+01
    1628.,  0.00000000E+00,  0.00000000E+00,  0.00000000E+00,  0.00000000E+00,  0.12019148E+02, -0.11976790E+01
    1629.,  0.00000000E+00,  0.00000000E+00,  0.00000000E+00,  0.00000000E+00,  0.10802852E+02, -0.11976790E+01
    1630.,  0.00000000E+00,  0.00000000E+00,  0.00000000E+00,  0.00000000E+00,  0.11552647E+02, -0.11976790E+01
    1631.,  0.00000000E+00,  0.00000000E+00,  0.00000000E+00,  0.00000000E+00,  0.12056524E+02, -0.11976790E+01
    1632.,  0.00000000E+00,  0.00000000E+00,  0.00000000E+00,  0.00000000E+00,  0.12371793E+02, -0.11976790E+01
    1633.,  0.00000000E+00,  0.00000000E+00,  0.00000000E+00,  0.00000000E+00,  0.13277471E+02, -0.11976790E+01
    1634.,  0.00000000E+00,  0.00000000E+00,  0.00000000E+00,  0.00000000E+00,  0.14784683E+02, -0.11976790E+01
    1635.,  0.00000000E+00,  0.00000000E+00,  0.00000000E+00,  0.00000000E+00,  0.16072289E+02, -0.11976790E+01
    1636.,  0.00000000E+00,  0.00000000E+00,  0.00000000E+00,  0.00000000E+00,  0.17065727E+02, -0.11976790E+01
    1637.,  0.00000000E+00,  0.00000000E+00,  0.00000000E+00,  0.00000000E+00,  0.17742627E+02, -0.11976790E+01
    1638.,  0.00000000E+00,  0.00000000E+00,  0.00000000E+00,  0.00000000E+00,  0.18196351E+02, -0.11976790E+01
    1639.,  0.00000000E+00,  0.00000000E+00,  0.00000000E+00,  0.00000000E+00,  0.18578652E+02, -0.11976790E+01
    1640.,  0.00000000E+00,  0.00000000E+00,  0.00000000E+00,  0.00000000E+00,  0.18908489E+02, -0.11976790E+01
    1641.,  0.00000000E+00,  0.00000000E+00,  0.00000000E+00,  0.00000000E+00,  0.19052555E+02, -0.11976790E+01
    1642.,  0.00000000E+00,  0.00000000E+00,  0.00000000E+00,  0.00000000E+00,  0.18988667E+02, -0.11976790E+01
    1643.,  0.00000000E+00,  0.00000000E+00,  0.00000000E+00,  0.00000000E+00,  0.18901912E+02, -0.11976790E+01
    1644.,  0.00000000E+00,  0.00000000E+00,  0.00000000E+00,  0.00000000E+00,  0.18941064E+02, -0.11976790E+01
    1645.,  0.00000000E+00,  0.00000000E+00,  0.00000000E+00,  0.00000000E+00,  0.19051720E+02, -0.11976790E+01
    1646.,  0.00000000E+00,  0.00000000E+00,  0.00000000E+00,  0.00000000E+00,  0.19078519E+02, -0.11976790E+01
    1647.,  0.00000000E+00,  0.00000000E+00,  0.00000000E+00,  0.00000000E+00,  0.18924857E+02, -0.11976790E+01
    1648.,  0.00000000E+00,  0.00000000E+00,  0.00000000E+00,  0.00000000E+00,  0.18461064E+02, -0.11976790E+01
    1649.,  0.00000000E+00,  0.00000000E+00,  0.00000000E+00,  0.00000000E+00,  0.18419046E+02, -0.11976790E+01
    1650.,  0.00000000E+00,  0.00000000E+00,  0.00000000E+00,  0.00000000E+00,  0.19265438E+02, -0.11976790E+01
    1651.,  0.00000000E+00,  0.00000000E+00,  0.00000000E+00,  0.00000000E+00,  0.20845341E+02, -0.11976790E+01
    1652.,  0.00000000E+00,  0.00000000E+00,  0.00000000E+00,  0.00000000E+00,  0.26002966E+02, -0.11976790E+01
    1653.,  0.00000000E+00,  0.00000000E+00,  0.00000000E+00,  0.00000000E+00,  0.42993799E+02, -0.11976790E+01
    1654.,  0.00000000E+00,  0.00000000E+00,  0.00000000E+00,  0.00000000E+00,  0.87794286E+02, -0.11976790E+01
    1655.,  0.00000000E+00,  0.00000000E+00,  0.00000000E+00,  0.76278913E-04,  0.17422758E+03, -0.11976790E+01
    1656.,  0.00000000E+00,  0.00000000E+00,  0.00000000E+00,  0.11619161E-02,  0.19284196E+03, -0.11976790E+01
    1657.,  0.00000000E+00,  0.00000000E+00,  0.00000000E+00,  0.39513487E-02,  0.21076168E+03, -0.11976790E+01
    1658.,  0.00000000E+00,  0.00000000E+00,  0.00000000E+00,  0.10016109E-01,  0.24404413E+03, -0.11976790E+01
    1659.,  0.00000000E+00,  0.00000000E+00,  0.00000000E+00,  0.19062843E-01,  0.28167417E+03, -0.11976790E+01
    1660.,  0.00000000E+00,  0.00000000E+00,  0.00000000E+00,  0.24225441E-01,  0.29746189E+03, -0.11976790E+01
    1661.,  0.00000000E+00,  0.00000000E+00,  0.00000000E+00,  0.20324375E-01,  0.28333730E+03, -0.11976790E+01
    1662.,  0.00000000E+00,  0.00000000E+00,  0.00000000E+00,  0.12449668E-01,  0.24837556E+03, -0.11976790E+01
    1663.,  0.00000000E+00,  0.00000000E+00,  0.00000000E+00,  0.68100044E-02,  0.20299119E+03, -0.11976790E+01
    1664.,  0.00000000E+00,  0.00000000E+00,  0.00000000E+00,  0.35597825E-02,  0.19916598E+03, -0.11976790E+01
    1665.,  0.00000000E+00,  0.00000000E+00,  0.00000000E+00,  0.76824074E-03,  0.17498036E+03, -0.11976790E+01
    1666.,  0.00000000E+00,  0.00000000E+00,  0.00000000E+00,  0.70454896E-03,  0.14257573E+03, -0.11976790E+01
    1667.,  0.00000000E+00,  0.00000000E+00,  0.00000000E+00,  0.55516261E-02,  0.22014081E+03, -0.11976790E+01
    1668.,  0.00000000E+00,  0.00000000E+00,  0.00000000E+00,  0.14577057E-01,  0.26131156E+03, -0.11976790E+01
    1669.,  0.00000000E+00,  0.00000000E+00,  0.00000000E+00,  0.25565560E-01,  0.30095407E+03, -0.11976790E+01
    1670.,  0.00000000E+00,  0.00000000E+00,  0.00000000E+00,  0.38731980E-01,  0.32488437E+03, -0.11976790E+01
    1671.,  0.00000000E+00,  0.00000000E+00,  0.00000000E+00,  0.42250128E-01,  0.33281357E+03, -0.11976790E+01
    1672.,  0.00000000E+00,  0.00000000E+00,  0.00000000E+00,  0.27413697E-01,  0.29634294E+03, -0.11976790E+01
    1673.,  0.00000000E+00,  0.00000000E+00,  0.00000000E+00,  0.22775565E-01,  0.28313216E+03, -0.11976790E+01
    1674.,  0.00000000E+00,  0.00000000E+00,  0.00000000E+00,  0.26463834E-01,  0.30325317E+03, -0.11976790E+01
    1675.,  0.00000000E+00,  0.00000000E+00,  0.00000000E+00,  0.22303392E-01,  0.29192843E+03, -0.11976790E+01
    1676.,  0.00000000E+00,  0.00000000E+00,  0.00000000E+00,  0.12656935E-01,  0.25488707E+03, -0.11976790E+01
    1677.,  0.00000000E+00,  0.00000000E+00,  0.00000000E+00,  0.53353957E-02,  0.21937101E+03, -0.11976790E+01
    1678.,  0.00000000E+00,  0.00000000E+00,  0.00000000E+00,  0.31946753E-02,  0.20463774E+03, -0.11976790E+01
    1679.,  0.00000000E+00,  0.00000000E+00,  0.00000000E+00,  0.41124679E-02,  0.20389284E+03, -0.11976790E+01
    1680.,  0.00000000E+00,  0.00000000E+00,  0.00000000E+00,  0.42483940E-02,  0.21013314E+03, -0.11976790E+01
    1681.,  0.00000000E+00,  0.00000000E+00,  0.00000000E+00,  0.30287188E-02,  0.20498256E+03, -0.11976790E+01
    1682.,  0.00000000E+00,  0.00000000E+00,  0.00000000E+00,  0.83614291E-02,  0.23130867E+03, -0.11976790E+01
    1683.,  0.00000000E+00,  0.00000000E+00,  0.00000000E+00,  0.16566770E-01,  0.27178676E+03, -0.11976790E+01
    1684.,  0.00000000E+00,  0.00000000E+00,  0.00000000E+00,  0.21471677E-01,  0.28993428E+03, -0.11976790E+01
    1685.,  0.00000000E+00,  0.00000000E+00,  0.00000000E+00,  0.17179165E-01,  0.27484003E+03, -0.11976790E+01
    1686.,  0.00000000E+00,  0.00000000E+00,  0.00000000E+00,  0.87532345E-02,  0.23738074E+03, -0.11976790E+01
    1687.,  0.00000000E+00,  0.00000000E+00,  0.00000000E+00,  0.31597841E-02,  0.20497208E+03, -0.11976790E+01
    1688.,  0.00000000E+00,  0.00000000E+00,  0.00000000E+00,  0.75979801E-03,  0.18982449E+03, -0.11976790E+01
    1689.,  0.00000000E+00,  0.00000000E+00,  0.00000000E+00,  0.00000000E+00,  0.15745575E+03, -0.11976790E+01
    1690.,  0.00000000E+00,  0.00000000E+00,  0.00000000E+00,  0.00000000E+00,  0.71347717E+02, -0.11976790E+01
    1691.,  0.00000000E+00,  0.00000000E+00,  0.00000000E+00,  0.00000000E+00,  0.31032668E+02, -0.11976790E+01
    1692.,  0.00000000E+00,  0.00000000E+00,  0.00000000E+00,  0.00000000E+00,  0.15091555E+02, -0.11976790E+01
    1693.,  0.00000000E+00,  0.00000000E+00,  0.00000000E+00,  0.00000000E+00,  0.10813271E+02, -0.11976790E+01
    1694.,  0.00000000E+00,  0.00000000E+00,  0.00000000E+00,  0.00000000E+00,  0.97811550E+01, -0.11976790E+01
    1695.,  0.00000000E+00,  0.00000000E+00,  0.00000000E+00,  0.00000000E+00,  0.95585964E+01, -0.11976790E+01
    1696.,  0.00000000E+00,  0.00000000E+00,  0.00000000E+00,  0.00000000E+00,  0.90469471E+01, -0.11976790E+01
    1697.,  0.00000000E+00,  0.00000000E+00,  0.00000000E+00,  0.00000000E+00,  0.96007336E+01, -0.11976790E+01
    1698.,  0.00000000E+00,  0.00000000E+00,  0.00000000E+00,  0.00000000E+00,  0.11554670E+02, -0.11976790E+01
    1699.,  0.00000000E+00,  0.00000000E+00,  0.00000000E+00,  0.00000000E+00,  0.13532213E+02, -0.11976790E+01
    1700.,  0.00000000E+00,  0.00000000E+00,  0.00000000E+00,  0.00000000E+00,  0.15355581E+02, -0.11976790E+01
    1701.,  0.00000000E+00,  0.00000000E+00,  0.00000000E+00,  0.00000000E+00,  0.17035250E+02, -0.11976790E+01
    1702.,  0.00000000E+00,  0.00000000E+00,  0.00000000E+00,  0.00000000E+00,  0.18688484E+02, -0.11976790E+01
    1703.,  0.00000000E+00,  0.00000000E+00,  0.00000000E+00,  0.00000000E+00,  0.20320604E+02, -0.11976790E+01
    1704.,  0.00000000E+00,  0.00000000E+00,  0.00000000E+00,  0.00000000E+00,  0.21629117E+02, -0.11976790E+01
    1705.,  0.00000000E+00,  0.00000000E+00,  0.00000000E+00,  0.00000000E+00,  0.22180399E+02, -0.11976790E+01
    1706.,  0.00000000E+00,  0.00000000E+00,  0.00000000E+00,  0.00000000E+00,  0.21836926E+02, -0.11976790E+01
    1707.,  0.00000000E+00,  0.00000000E+00,  0.00000000E+00,  0.00000000E+00,  0.20885237E+02, -0.11976790E+01
    1708.,  0.00000000E+00,  0.00000000E+00,  0.00000000E+00,  0.00000000E+00,  0.19740116E+02, -0.11976790E+01
    1709.,  0.00000000E+00,  0.00000000E+00,  0.00000000E+00,  0.00000000E+00,  0.18599320E+02, -0.11976790E+01
    1710.,  0.00000000E+00,  0.00000000E+00,  0.00000000E+00,  0.00000000E+00,  0.17380809E+02, -0.11976790E+01
    1711.,  0.00000000E+00,  0.00000000E+00,  0.00000000E+00,  0.00000000E+00,  0.15800120E+02, -0.11976790E+01
    1712.,  0.00000000E+00,  0.00000000E+00,  0.00000000E+00,  0.00000000E+00,  0.13522355E+02, -0.11976790E+01
    1713.,  0.00000000E+00,  0.00000000E+00,  0.00000000E+00,  0.00000000E+00,  0.13034717E+02, -0.11976790E+01
    1714.,  0.00000000E+00,  0.00000000E+00,  0.00000000E+00,  0.00000000E+00,  0.14653841E+02, -0.11976790E+01
    1715.,  0.00000000E+00,  0.00000000E+00,  0.00000000E+00,  0.00000000E+00,  0.17287939E+02, -0.11976790E+01
    1716.,  0.00000000E+00,  0.00000000E+00,  0.00000000E+00,  0.00000000E+00,  0.23939692E+02, -0.11976790E+01
    1717.,  0.00000000E+00,  0.00000000E+00,  0.00000000E+00,  0.00000000E+00,  0.42140197E+02, -0.11976790E+01
    1718.,  0.00000000E+00,  0.00000000E+00,  0.00000000E+00,  0.00000000E+00,  0.86713395E+02, -0.11976790E+01
    1719.,  0.00000000E+00,  0.00000000E+00,  0.00000000E+00,  0.25231973E-04,  0.17519649E+03, -0.11976790E+01
    1720.,  0.00000000E+00,  0.00000000E+00,  0.00000000E+00,  0.10288162E-02,  0.19190497E+03, -0.11976790E+01
    1721.,  0.00000000E+00,  0.00000000E+00,  0.00000000E+00,  0.38782228E-02,  0.21042491E+03, -0.11976790E+01
    1722.,  0.00000000E+00,  0.00000000E+00,  0.00000000E+00,  0.10132328E-01,  0.24493294E+03, -0.11976790E+01
    1723.,  0.00000000E+00,  0.00000000E+00,  0.00000000E+00,  0.17371159E-01,  0.27591181E+03, -0.11976790E+01
    1724.,  0.00000000E+00,  0.00000000E+00,  0.00000000E+00,  0.18412207E-01,  0.27891447E+03, -0.11976790E+01
    1725.,  0.00000000E+00,  0.00000000E+00,  0.00000000E+00,  0.12396833E-01,  0.25332935E+03, -0.11976790E+01
    1726.,  0.00000000E+00,  0.00000000E+00,  0.00000000E+00,  0.60843722E-02,  0.21880142E+03, -0.11976790E+01
    1727.,  0.00000000E+00,  0.00000000E+00,  0.00000000E+00,  0.21014889E-02,  0.17691072E+03, -0.11976790E+01
    1728.,  0.00000000E+00,  0.00000000E+00,  0.00000000E+00,  0.46506174E-03,  0.17480700E+03, -0.11976790E+01
    1729.,  0.00000000E+00,  0.00000000E+00,  0.00000000E+00,  0.19241765E-02,  0.19262225E+03, -0.11976790E+01
    1730.,  0.00000000E+00,  0.00000000E+00,  0.00000000E+00,  0.29784760E-02,  0.18905341E+03, -0.11976790E+01
    1731.,  0.00000000E+00,  0.00000000E+00,  0.00000000E+00,  0.28176819E-02,  0.17563393E+03, -0.11976790E+01
    1732.,  0.00000000E+00,  0.00000000E+00,  0.00000000E+00,  0.10855992E-01,  0.24678943E+03, -0.11976790E+01
    1733.,  0.00000000E+00,  0.00000000E+00,  0.00000000E+00,  0.17644013E-01,  0.26589889E+03, -0.11976790E+01
    1734.,  0.00000000E+00,  0.00000000E+00,  0.00000000E+00,  0.29595437E-01,  0.30958041E+03, -0.11976790E+01
    1735.,  0.00000000E+00,  0.00000000E+00,  0.00000000E+00,  0.35153801E-01,  0.31912867E+03, -0.11976790E+01
    1736.,  0.00000000E+00,  0.00000000E+00,  0.00000000E+00,  0.31495780E-01,  0.31117301E+03, -0.11976790E+01
    1737.,  0.00000000E+00,  0.00000000E+00,  0.00000000E+00,  0.24455265E-01,  0.29025484E+03, -0.11976790E+01
    1738.,  0.00000000E+00,  0.00000000E+00,  0.00000000E+00,  0.28829893E-01,  0.30874650E+03, -0.11976790E+01
    1739.,  0.00000000E+00,  0.00000000E+00,  0.00000000E+00,  0.21028762E-01,  0.28444460E+03, -0.11976790E+01
    1740.,  0.00000000E+00,  0.00000000E+00,  0.00000000E+00,  0.80734869E-02,  0.23421209E+03, -0.11976790E+01
    1741.,  0.00000000E+00,  0.00000000E+00,  0.00000000E+00,  0.53733758E-02,  0.21370059E+03, -0.11976790E+01
    1742.,  0.00000000E+00,  0.00000000E+00,  0.00000000E+00,  0.51366278E-02,  0.20629995E+03, -0.11976790E+01
    1743.,  0.00000000E+00,  0.00000000E+00,  0.00000000E+00,  0.45708411E-02,  0.20755394E+03, -0.11976790E+01
    1744.,  0.00000000E+00,  0.00000000E+00,  0.00000000E+00,  0.18237101E-02,  0.18786402E+03, -0.11976790E+01
    1745.,  0.00000000E+00,  0.00000000E+00,  0.00000000E+00,  0.18631112E-02,  0.19470426E+03, -0.11976790E+01
    1746.,  0.00000000E+00,  0.00000000E+00,  0.00000000E+00,  0.28322714E-02,  0.20414323E+03, -0.11976790E+01
    1747.,  0.00000000E+00,  0.00000000E+00,  0.00000000E+00,  0.81478114E-02,  0.23274551E+03, -0.11976790E+01
    1748.,  0.00000000E+00,  0.00000000E+00,  0.00000000E+00,  0.15985173E-01,  0.27038942E+03, -0.11976790E+01
    1749.,  0.00000000E+00,  0.00000000E+00,  0.00000000E+00,  0.16938657E-01,  0.27438577E+03, -0.11976790E+01
    1750.,  0.00000000E+00,  0.00000000E+00,  0.00000000E+00,  0.10819623E-01,  0.24755059E+03, -0.11976790E+01
    1751.,  0.00000000E+00,  0.00000000E+00,  0.00000000E+00,  0.42926976E-02,  0.21173896E+03, -0.11976790E+01
    1752.,  0.00000000E+00,  0.00000000E+00,  0.00000000E+00,  0.98230992E-03,  0.19103440E+03, -0.11976790E+01
    1753.,  0.00000000E+00,  0.00000000E+00,  0.00000000E+00,  0.00000000E+00,  0.16304697E+03, -0.11976790E+01
    1754.,  0.00000000E+00,  0.00000000E+00,  0.00000000E+00,  0.00000000E+00,  0.77208253E+02, -0.11976790E+01
    1755.,  0.00000000E+00,  0.00000000E+00,  0.00000000E+00,  0.00000000E+00,  0.34458089E+02, -0.11976790E+01
    1756.,  0.00000000E+00,  0.00000000E+00,  0.00000000E+00,  0.00000000E+00,  0.17077338E+02, -0.11976790E+01
    1757.,  0.00000000E+00,  0.00000000E+00,  0.00000000E+00,  0.00000000E+00,  0.10663409E+02, -0.11976790E+01
    1758.,  0.00000000E+00,  0.00000000E+00,  0.00000000E+00,  0.00000000E+00,  0.85815632E+01, -0.11976790E+01
    1759.,  0.00000000E+00,  0.00000000E+00,  0.00000000E+00,  0.00000000E+00,  0.71541883E+01, -0.11976790E+01
    1760.,  0.00000000E+00,  0.00000000E+00,  0.00000000E+00,  0.00000000E+00,  0.58093047E+01, -0.11976790E+01
    1761.,  0.00000000E+00,  0.00000000E+00,  0.00000000E+00,  0.00000000E+00,  0.60033137E+01, -0.11976790E+01
    1762.,  0.00000000E+00,  0.00000000E+00,  0.00000000E+00,  0.00000000E+00,  0.81715052E+01, -0.11976790E+01
    1763.,  0.00000000E+00,  0.00000000E+00,  0.00000000E+00,  0.00000000E+00,  0.10618727E+02, -0.11976790E+01
    1764.,  0.00000000E+00,  0.00000000E+00,  0.00000000E+00,  0.00000000E+00,  0.13282589E+02, -0.11976790E+01
    1765.,  0.00000000E+00,  0.00000000E+00,  0.00000000E+00,  0.00000000E+00,  0.16197684E+02, -0.11976790E+01
    1766.,  0.00000000E+00,  0.00000000E+00,  0.00000000E+00,  0.00000000E+00,  0.19390242E+02, -0.11976790E+01
    1767.,  0.00000000E+00,  0.00000000E+00,  0.00000000E+00,  0.00000000E+00,  0.22546525E+02, -0.11976790E+01
    1768.,  0.00000000E+00,  0.00000000E+00,  0.00000000E+00,  0.00000000E+00,  0.24958673E+02, -0.11976790E+01
    1769.,  0.00000000E+00,  0.00000000E+00,  0.00000000E+00,  0.00000000E+00,  0.25908055E+02, -0.11976790E+01
    1770.,  0.00000000E+00,  0.00000000E+00,  0.00000000E+00,  0.00000000E+00,  0.25144419E+02, -0.11976790E+01
    1771.,  0.00000000E+00,  0.00000000E+00,  0.00000000E+00,  0.00000000E+00,  0.23006522E+02, -0.11976790E+01
    1772.,  0.00000000E+00,  0.00000000E+00,  0.00000000E+00,  0.00000000E+00,  0.20134370E+02, -0.11976790E+01
    1773.,  0.00000000E+00,  0.00000000E+00,  0.00000000E+00,  0.00000000E+00,  0.17086119E+02, -0.11976790E+01
    1774.,  0.00000000E+00,  0.00000000E+00,  0.00000000E+00,  0.00000000E+00,  0.14033268E+02, -0.11976790E+01
    1775.,  0.00000000E+00,  0.00000000E+00,  0.00000000E+00,  0.00000000E+00,  0.10804788E+02, -0.11976790E+01
    1776.,  0.00000000E+00,  0.00000000E+00,  0.00000000E+00,  0.00000000E+00,  0.72969985E+01, -0.11976790E+01
    1777.,  0.00000000E+00,  0.00000000E+00,  0.00000000E+00,  0.00000000E+00,  0.67767351E+01, -0.11976790E+01
    1778.,  0.00000000E+00,  0.00000000E+00,  0.00000000E+00,  0.00000000E+00,  0.90062253E+01, -0.11976790E+01
    1779.,  0.00000000E+00,  0.00000000E+00,  0.00000000E+00,  0.00000000E+00,  0.12461728E+02, -0.11976790E+01
    1780.,  0.00000000E+00,  0.00000000E+00,  0.00000000E+00,  0.00000000E+00,  0.20830106E+02, -0.11976790E+01
    1781.,  0.00000000E+00,  0.00000000E+00,  0.00000000E+00,  0.00000000E+00,  0.39703938E+02, -0.11976790E+01
    1782.,  0.00000000E+00,  0.00000000E+00,  0.00000000E+00,  0.00000000E+00,  0.81712723E+02, -0.11976790E+01
    1783.,  0.00000000E+00,  0.00000000E+00,  0.00000000E+00,  0.00000000E+00,  0.17090630E+03, -0.11976790E+01
    1784.,  0.00000000E+00,  0.00000000E+00,  0.00000000E+00,  0.92753343E-03,  0.19107070E+03, -0.11976790E+01
    1785.,  0.00000000E+00,  0.00000000E+00,  0.00000000E+00,  0.38659386E-02,  0.21042750E+03, -0.11976790E+01
    1786.,  0.00000000E+00,  0.00000000E+00,  0.00000000E+00,  0.97593132E-02,  0.24339890E+03, -0.11976790E+01
    1787.,  0.00000000E+00,  0.00000000E+00,  0.00000000E+00,  0.15473252E-01,  0.26864722E+03, -0.11976790E+01
    1788.,  0.00000000E+00,  0.00000000E+00,  0.00000000E+00,  0.14544535E-01,  0.26437161E+03, -0.11976790E+01
    1789.,  0.00000000E+00,  0.00000000E+00,  0.00000000E+00,  0.83976454E-02,  0.23502665E+03, -0.11976790E+01
    1790.,  0.00000000E+00,  0.00000000E+00,  0.00000000E+00,  0.30042185E-02,  0.19489921E+03, -0.11976790E+01
    1791.,  0.00000000E+00,  0.00000000E+00,  0.00000000E+00,  0.15828189E-03,  0.16988905E+03, -0.11976790E+01
    1792.,  0.00000000E+00,  0.00000000E+00,  0.00000000E+00,  0.15370482E-03,  0.15512891E+03, -0.11976790E+01
    1793.,  0.00000000E+00,  0.00000000E+00,  0.00000000E+00,  0.72139995E-02,  0.22718589E+03, -0.11976790E+01
    1794.,  0.00000000E+00,  0.00000000E+00,  0.00000000E+00,  0.12827316E-01,  0.24817915E+03, -0.11976790E+01
    1795.,  0.00000000E+00,  0.00000000E+00,  0.00000000E+00,  0.17562208E-01,  0.25781416E+03, -0.11976790E+01
    1796.,  0.00000000E+00,  0.00000000E+00,  0.00000000E+00,  0.11967482E-01,  0.10841364E+03, -0.11976790E+01
    1797.,  0.00000000E+00,  0.00000000E+00,  0.00000000E+00,  0.18523032E-01,  0.24638637E+03, -0.11976790E+01
    1798.,  0.00000000E+00,  0.00000000E+00,  0.00000000E+00,  0.27884230E-01,  0.30570840E+03, -0.11976790E+01
    1799.,  0.00000000E+00,  0.00000000E+00,  0.00000000E+00,  0.28490439E-01,  0.30684610E+03, -0.11976790E+01
    1800.,  0.00000000E+00,  0.00000000E+00,  0.00000000E+00,  0.24338986E-01,  0.27765208E+03, -0.11976790E+01
    1801.,  0.00000000E+00,  0.00000000E+00,  0.00000000E+00,  0.33291833E-01,  0.26224845E+03, -0.11976790E+01
    1802.,  0.00000000E+00,  0.00000000E+00,  0.00000000E+00,  0.35787726E-01,  0.32042156E+03, -0.11976790E+01
    1803.,  0.00000000E+00,  0.00000000E+00,  0.00000000E+00,  0.24013016E-01,  0.29271129E+03, -0.11976790E+01
    1804.,  0.00000000E+00,  0.00000000E+00,  0.00000000E+00,  0.15588463E-01,  0.26139890E+03, -0.11976790E+01
    1805.,  0.00000000E+00,  0.00000000E+00,  0.00000000E+00,  0.96389651E-02,  0.23260284E+03, -0.11976790E+01
    1806.,  0.00000000E+00,  0.00000000E+00,  0.00000000E+00,  0.74688909E-02,  0.22125470E+03, -0.11976790E+01
    1807.,  0.00000000E+00,  0.00000000E+00,  0.00000000E+00,  0.25185934E-02,  0.17494902E+03, -0.11976790E+01
    1808.,  0.00000000E+00,  0.00000000E+00,  0.00000000E+00,  0.10329871E-03,  0.13807868E+03, -0.11976790E+01
    1809.,  0.00000000E+00,  0.00000000E+00,  0.00000000E+00,  0.46055333E-03,  0.17780041E+03, -0.11976790E+01
    1810.,  0.00000000E+00,  0.00000000E+00,  0.00000000E+00,  0.18232233E-02,  0.19391784E+03, -0.11976790E+01
    1811.,  0.00000000E+00,  0.00000000E+00,  0.00000000E+00,  0.42266229E-02,  0.21218512E+03, -0.11976790E+01
    1812.,  0.00000000E+00,  0.00000000E+00,  0.00000000E+00,  0.11437753E-01,  0.24987141E+03, -0.11976790E+01
    1813.,  0.00000000E+00,  0.00000000E+00,  0.00000000E+00,  0.17247883E-01,  0.27539665E+03, -0.11976790E+01
    1814.,  0.00000000E+00,  0.00000000E+00,  0.00000000E+00,  0.13757808E-01,  0.26079718E+03, -0.11976790E+01
    1815.,  0.00000000E+00,  0.00000000E+00,  0.00000000E+00,  0.57527518E-02,  0.22038481E+03, -0.11976790E+01
    1816.,  0.00000000E+00,  0.00000000E+00,  0.00000000E+00,  0.11635089E-02,  0.19240506E+03, -0.11976790E+01
    1817.,  0.00000000E+00,  0.00000000E+00,  0.00000000E+00,  0.95951862E-06,  0.17054863E+03, -0.11976790E+01
    1818.,  0.00000000E+00,  0.00000000E+00,  0.00000000E+00,  0.00000000E+00,  0.79519283E+02, -0.11976790E+01
    1819.,  0.00000000E+00,  0.00000000E+00,  0.00000000E+00,  0.00000000E+00,  0.36584091E+02, -0.11976790E+01
    1820.,  0.00000000E+00,  0.00000000E+00,  0.00000000E+00,  0.00000000E+00,  0.17139297E+02, -0.11976790E+01
    1821.,  0.00000000E+00,  0.00000000E+00,  0.00000000E+00,  0.00000000E+00,  0.10259708E+02, -0.11976790E+01
    1822.,  0.00000000E+00,  0.00000000E+00,  0.00000000E+00,  0.00000000E+00,  0.68763629E+01, -0.11976790E+01
    1823.,  0.00000000E+00,  0.00000000E+00,  0.00000000E+00,  0.00000000E+00,  0.46314500E+01, -0.11976790E+01
    1824.,  0.00000000E+00,  0.00000000E+00,  0.00000000E+00,  0.00000000E+00,  0.26323566E+01, -0.11976790E+01
    1825.,  0.00000000E+00,  0.00000000E+00,  0.00000000E+00,  0.00000000E+00,  0.25929074E+01, -0.11976790E+01
    1826.,  0.00000000E+00,  0.00000000E+00,  0.00000000E+00,  0.00000000E+00,  0.47751632E+01, -0.11976790E+01
    1827.,  0.00000000E+00,  0.00000000E+00,  0.00000000E+00,  0.00000000E+00,  0.74989464E+01, -0.11976790E+01
    1828.,  0.00000000E+00,  0.00000000E+00,  0.00000000E+00,  0.00000000E+00,  0.10979432E+02, -0.11976790E+01
    1829.,  0.00000000E+00,  0.00000000E+00,  0.00000000E+00,  0.00000000E+00,  0.15386728E+02, -0.11976790E+01
    1830.,  0.00000000E+00,  0.00000000E+00,  0.00000000E+00,  0.00000000E+00,  0.20455607E+02, -0.11976790E+01
    1831.,  0.00000000E+00,  0.00000000E+00,  0.00000000E+00,  0.00000000E+00,  0.25385018E+02, -0.11976790E+01
    1832.,  0.00000000E+00,  0.00000000E+00,  0.00000000E+00,  0.00000000E+00,  0.29025430E+02, -0.11976790E+01
    1833.,  0.00000000E+00,  0.00000000E+00,  0.00000000E+00,  0.00000000E+00,  0.30379383E+02, -0.11976790E+01
    1834.,  0.00000000E+00,  0.00000000E+00,  0.00000000E+00,  0.00000000E+00,  0.29074511E+02, -0.11976790E+01
    1835.,  0.00000000E+00,  0.00000000E+00,  0.00000000E+00,  0.00000000E+00,  0.25456802E+02, -0.11976790E+01
    1836.,  0.00000000E+00,  0.00000000E+00,  0.00000000E+00,  0.00000000E+00,  0.20353034E+02, -0.11976790E+01
    1837.,  0.00000000E+00,  0.00000000E+00,  0.00000000E+00,  0.00000000E+00,  0.14741593E+02, -0.11976790E+01
    1838.,  0.00000000E+00,  0.00000000E+00,  0.00000000E+00,  0.00000000E+00,  0.94999393E+01, -0.11976790E+01
    1839.,  0.00000000E+00,  0.00000000E+00,  0.00000000E+00,  0.00000000E+00,  0.51557998E+01, -0.11976790E+01
    1840.,  0.00000000E+00,  0.00000000E+00,  0.00000000E+00,  0.00000000E+00,  0.19436855E+01, -0.11976790E+01
    1841.,  0.00000000E+00,  0.00000000E+00,  0.00000000E+00,  0.00000000E+00,  0.21573946E+01, -0.11976790E+01
    1842.,  0.00000000E+00,  0.00000000E+00,  0.00000000E+00,  0.00000000E+00,  0.43708818E+01, -0.11976790E+01
    1843.,  0.00000000E+00,  0.00000000E+00,  0.00000000E+00,  0.00000000E+00,  0.86695467E+01, -0.11976790E+01
    1844.,  0.00000000E+00,  0.00000000E+00,  0.00000000E+00,  0.00000000E+00,  0.18666397E+02, -0.11976790E+01
    1845.,  0.00000000E+00,  0.00000000E+00,  0.00000000E+00,  0.00000000E+00,  0.38523892E+02, -0.11976790E+01
    1846.,  0.00000000E+00,  0.00000000E+00,  0.00000000E+00,  0.00000000E+00,  0.78658090E+02, -0.11976790E+01
    1847.,  0.00000000E+00,  0.00000000E+00,  0.00000000E+00,  0.00000000E+00,  0.16164807E+03, -0.11976790E+01
    1848.,  0.00000000E+00,  0.00000000E+00,  0.00000000E+00,  0.84828613E-03,  0.18987891E+03, -0.11976790E+01
    1849.,  0.00000000E+00,  0.00000000E+00,  0.00000000E+00,  0.34806357E-02,  0.20753636E+03, -0.11976790E+01
    1850.,  0.00000000E+00,  0.00000000E+00,  0.00000000E+00,  0.85931914E-02,  0.23693953E+03, -0.11976790E+01
    1851.,  0.00000000E+00,  0.00000000E+00,  0.00000000E+00,  0.12973590E-01,  0.25784646E+03, -0.11976790E+01
    1852.,  0.00000000E+00,  0.00000000E+00,  0.00000000E+00,  0.11372384E-01,  0.25029410E+03, -0.11976790E+01
    1853.,  0.00000000E+00,  0.00000000E+00,  0.00000000E+00,  0.53840964E-02,  0.21567209E+03, -0.11976790E+01
    1854.,  0.00000000E+00,  0.00000000E+00,  0.00000000E+00,  0.12600574E-02,  0.18991569E+03, -0.11976790E+01
    1855.,  0.00000000E+00,  0.00000000E+00,  0.00000000E+00,  0.16592196E-03,  0.17720952E+03, -0.11976790E+01
    1856.,  0.00000000E+00,  0.00000000E+00,  0.00000000E+00,  0.51029916E-02,  0.20403010E+03, -0.11976790E+01
    1857.,  0.00000000E+00,  0.00000000E+00,  0.00000000E+00,  0.61941663E-01,  0.36589243E+03, -0.11976790E+01
    1858.,  0.00000000E+00,  0.00000000E+00,  0.00000000E+00,  0.60322096E-01,  0.36244637E+03, -0.11976790E+01
    1859.,  0.00000000E+00,  0.00000000E+00,  0.00000000E+00,  0.81441646E-01,  0.39158595E+03, -0.11976790E+01
    1860.,  0.00000000E+00,  0.00000000E+00,  0.19489199E-01,  0.18871651E+00,  0.50631262E+03, -0.11976790E+01
    1861.,  0.00000000E+00,  0.00000000E+00,  0.38530653E-01,  0.22009617E+00,  0.52440417E+03, -0.11976790E+01
    1862.,  0.00000000E+00,  0.00000000E+00,  0.00000000E+00,  0.14788255E+00,  0.48014861E+03, -0.11976790E+01
    1863.,  0.00000000E+00,  0.00000000E+00,  0.00000000E+00,  0.77905723E-01,  0.38741917E+03, -0.11976790E+01
    1864.,  0.00000000E+00,  0.00000000E+00,  0.00000000E+00,  0.18091855E-01,  0.21754733E+03, -0.11976790E+01
    1865.,  0.00000000E+00,  0.00000000E+00,  0.00000000E+00,  0.29315575E-01,  0.29303430E+03, -0.11976790E+01
    1866.,  0.00000000E+00,  0.00000000E+00,  0.00000000E+00,  0.37439455E-01,  0.28991996E+03, -0.11976790E+01
    1867.,  0.00000000E+00,  0.00000000E+00,  0.00000000E+00,  0.38765866E-01,  0.30745200E+03, -0.11976790E+01
    1868.,  0.00000000E+00,  0.00000000E+00,  0.00000000E+00,  0.85537724E-01,  0.40064072E+03, -0.11976790E+01
    1869.,  0.00000000E+00,  0.00000000E+00,  0.00000000E+00,  0.79576544E-01,  0.38792673E+03, -0.11976790E+01
    1870.,  0.00000000E+00,  0.00000000E+00,  0.00000000E+00,  0.17472941E-01,  0.21532123E+03, -0.11976790E+01
    1871.,  0.00000000E+00,  0.00000000E+00,  0.00000000E+00,  0.97326927E-02,  0.18602606E+03, -0.11976790E+01
    1872.,  0.00000000E+00,  0.00000000E+00,  0.00000000E+00,  0.62564645E-02,  0.11838211E+03, -0.11976790E+01
    1873.,  0.00000000E+00,  0.00000000E+00,  0.00000000E+00,  0.16073355E-02,  0.15504860E+03, -0.11976790E+01
    1874.,  0.00000000E+00,  0.00000000E+00,  0.00000000E+00,  0.10747565E-02,  0.19097790E+03, -0.11976790E+01
    1875.,  0.00000000E+00,  0.00000000E+00,  0.00000000E+00,  0.32513788E-02,  0.20436787E+03, -0.11976790E+01
    1876.,  0.00000000E+00,  0.00000000E+00,  0.00000000E+00,  0.92117414E-02,  0.23916254E+03, -0.11976790E+01
    1877.,  0.00000000E+00,  0.00000000E+00,  0.00000000E+00,  0.19449973E-01,  0.28323423E+03, -0.11976790E+01
    1878.,  0.00000000E+00,  0.00000000E+00,  0.00000000E+00,  0.19927870E-01,  0.28335875E+03, -0.11976790E+01
    1879.,  0.00000000E+00,  0.00000000E+00,  0.00000000E+00,  0.76123095E-02,  0.23067685E+03, -0.11976790E+01
    1880.,  0.00000000E+00,  0.00000000E+00,  0.00000000E+00,  0.13169263E-02,  0.19229171E+03, -0.11976790E+01
    1881.,  0.00000000E+00,  0.00000000E+00,  0.00000000E+00,  0.00000000E+00,  0.16516306E+03, -0.11976790E+01
    1882.,  0.00000000E+00,  0.00000000E+00,  0.00000000E+00,  0.00000000E+00,  0.79102053E+02, -0.11976790E+01
    1883.,  0.00000000E+00,  0.00000000E+00,  0.00000000E+00,  0.00000000E+00,  0.34845166E+02, -0.11976790E+01
    1884.,  0.00000000E+00,  0.00000000E+00,  0.00000000E+00,  0.00000000E+00,  0.16694265E+02, -0.11976790E+01
    1885.,  0.00000000E+00,  0.00000000E+00,  0.00000000E+00,  0.00000000E+00,  0.90967656E+01, -0.11976790E+01
    1886.,  0.00000000E+00,  0.00000000E+00,  0.00000000E+00,  0.00000000E+00,  0.46919672E+01, -0.11976790E+01
    1887.,  0.00000000E+00,  0.00000000E+00,  0.00000000E+00,  0.00000000E+00,  0.19327110E+01, -0.11976790E+01
    1888.,  0.00000000E+00,  0.00000000E+00,  0.00000000E+00,  0.00000000E+00,  0.48102595E+00, -0.11976790E+01
    1889.,  0.00000000E+00,  0.00000000E+00,  0.00000000E+00,  0.00000000E+00,  0.39114499E+00, -0.11976790E+01
    1890.,  0.00000000E+00,  0.00000000E+00,  0.00000000E+00,  0.00000000E+00,  0.16020643E+01, -0.11976790E+01
    1891.,  0.00000000E+00,  0.00000000E+00,  0.00000000E+00,  0.00000000E+00,  0.42431420E+01, -0.11976790E+01
    1892.,  0.00000000E+00,  0.00000000E+00,  0.00000000E+00,  0.00000000E+00,  0.86754324E+01, -0.11976790E+01
    1893.,  0.00000000E+00,  0.00000000E+00,  0.00000000E+00,  0.00000000E+00,  0.14857119E+02, -0.11976790E+01
    1894.,  0.00000000E+00,  0.00000000E+00,  0.00000000E+00,  0.00000000E+00,  0.22083555E+02, -0.11976790E+01
    1895.,  0.00000000E+00,  0.00000000E+00,  0.00000000E+00,  0.00000000E+00,  0.29004467E+02, -0.11976790E+01
    1896.,  0.00000000E+00,  0.00000000E+00,  0.00000000E+00,  0.00000000E+00,  0.34006189E+02, -0.11976790E+01
    1897.,  0.00000000E+00,  0.00000000E+00,  0.00000000E+00,  0.00000000E+00,  0.35790177E+02, -0.11976790E+01
    1898.,  0.00000000E+00,  0.00000000E+00,  0.00000000E+00,  0.00000000E+00,  0.33843055E+02, -0.11976790E+01
    1899.,  0.00000000E+00,  0.00000000E+00,  0.00000000E+00,  0.00000000E+00,  0.28521828E+02, -0.11976790E+01
    1900.,  0.00000000E+00,  0.00000000E+00,  0.00000000E+00,  0.00000000E+00,  0.20828927E+02, -0.11976790E+01
    1901.,  0.00000000E+00,  0.00000000E+00,  0.00000000E+00,  0.00000000E+00,  0.12201923E+02, -0.11976790E+01
    1902.,  0.00000000E+00,  0.00000000E+00,  0.00000000E+00,  0.00000000E+00,  0.45096634E+01, -0.11976790E+01
    1903.,  0.00000000E+00,  0.00000000E+00,  0.00000000E+00,  0.00000000E+00,  0.51350999E+00, -0.11976790E+01
    1904.,  0.00000000E+00,  0.00000000E+00,  0.00000000E+00,  0.00000000E+00,  0.15462586E+01, -0.11976790E+01
    1905.,  0.00000000E+00,  0.00000000E+00,  0.00000000E+00,  0.00000000E+00,  0.19527756E+01, -0.11976790E+01
    1906.,  0.00000000E+00,  0.00000000E+00,  0.00000000E+00,  0.00000000E+00,  0.37038747E+01, -0.11976790E+01
    1907.,  0.00000000E+00,  0.00000000E+00,  0.00000000E+00,  0.00000000E+00,  0.79833555E+01, -0.11976790E+01
    1908.,  0.00000000E+00,  0.00000000E+00,  0.00000000E+00,  0.00000000E+00,  0.17154681E+02, -0.11976790E+01
    1909.,  0.00000000E+00,  0.00000000E+00,  0.00000000E+00,  0.00000000E+00,  0.36796623E+02, -0.11976790E+01
    1910.,  0.00000000E+00,  0.00000000E+00,  0.00000000E+00,  0.00000000E+00,  0.72340027E+02, -0.11976790E+01
    1911.,  0.00000000E+00,  0.00000000E+00,  0.00000000E+00,  0.00000000E+00,  0.14154316E+03, -0.11976790E+01
    1912.,  0.00000000E+00,  0.00000000E+00,  0.00000000E+00,  0.65285306E-03,  0.18790513E+03, -0.11976790E+01
    1913.,  0.00000000E+00,  0.00000000E+00,  0.00000000E+00,  0.25903946E-02,  0.20052759E+03, -0.11976790E+01
    1914.,  0.00000000E+00,  0.00000000E+00,  0.00000000E+00,  0.60963995E-02,  0.21927045E+03, -0.11976790E+01
    1915.,  0.00000000E+00,  0.00000000E+00,  0.00000000E+00,  0.99688119E-02,  0.24179409E+03, -0.11976790E+01
    1916.,  0.00000000E+00,  0.00000000E+00,  0.00000000E+00,  0.85819584E-02,  0.23365660E+03, -0.11976790E+01
    1917.,  0.00000000E+00,  0.00000000E+00,  0.00000000E+00,  0.32607132E-02,  0.20355771E+03, -0.11976790E+01
    1918.,  0.00000000E+00,  0.00000000E+00,  0.00000000E+00,  0.79510770E-03,  0.19013054E+03, -0.11976790E+01
    1919.,  0.00000000E+00,  0.00000000E+00,  0.00000000E+00,  0.94596751E-03,  0.18105703E+03, -0.11976790E+01
    1920.,  0.00000000E+00,  0.00000000E+00,  0.00000000E+00,  0.22807728E-01,  0.24769761E+03, -0.11976790E+01
    1921.,  0.00000000E+00,  0.00000000E+00,  0.00000000E+00,  0.26592743E-01,  0.30107085E+03, -0.15606998E+01
    1922.,  0.00000000E+00,  0.00000000E+00,  0.00000000E+00,  0.25643930E-01,  0.29712902E+03, -0.15606998E+01
    1923.,  0.00000000E+00,  0.00000000E+00,  0.00000000E+00,  0.29346514E-01,  0.30124602E+03, -0.15606998E+01
    1924.,  0.00000000E+00,  0.00000000E+00,  0.00000000E+00,  0.24841394E-01,  0.23612019E+03, -0.15606998E+01
    1925.,  0.00000000E+00,  0.00000000E+00,  0.00000000E+00,  0.36832539E-01,  0.32269088E+03, -0.15606998E+01
    1926.,  0.00000000E+00,  0.00000000E+00,  0.00000000E+00,  0.18533447E-01,  0.27347586E+03, -0.15606998E+01
    1927.,  0.00000000E+00,  0.00000000E+00,  0.00000000E+00,  0.42663109E-02,  0.20988617E+03, -0.15606998E+01
    1928.,  0.00000000E+00,  0.00000000E+00,  0.00000000E+00,  0.00000000E+00,  0.83417715E-08, -0.15606998E+01
    1929.,  0.00000000E+00,  0.00000000E+00,  0.00000000E+00,  0.00000000E+00,  0.14565385E-07, -0.15606998E+01
    1930.,  0.00000000E+00,  0.00000000E+00,  0.00000000E+00,  0.28225409E-01,  0.29975745E+03, -0.15606998E+01
    1931.,  0.00000000E+00,  0.00000000E+00,  0.00000000E+00,  0.54325632E-01,  0.34656700E+03, -0.15606998E+01
    1932.,  0.00000000E+00,  0.00000000E+00,  0.00000000E+00,  0.84441913E-01,  0.39892279E+03, -0.15606998E+01
    1933.,  0.00000000E+00,  0.00000000E+00,  0.00000000E+00,  0.61014254E-01,  0.35524943E+03, -0.15606998E+01
    1934.,  0.00000000E+00,  0.00000000E+00,  0.00000000E+00,  0.30184304E-01,  0.26326578E+03, -0.15606998E+01
    1935.,  0.00000000E+00,  0.00000000E+00,  0.00000000E+00,  0.22940211E-01,  0.20714598E+03, -0.15606998E+01
    1936.,  0.00000000E+00,  0.00000000E+00,  0.00000000E+00,  0.21890388E-01,  0.21082892E+03, -0.15606998E+01
    1937.,  0.00000000E+00,  0.00000000E+00,  0.00000000E+00,  0.61111216E-02,  0.10511811E+03, -0.22867415E+01
    1938.,  0.00000000E+00,  0.00000000E+00,  0.00000000E+00,  0.86082573E-02,  0.10583997E+03, -0.22867415E+01
    1939.,  0.00000000E+00,  0.00000000E+00,  0.00000000E+00,  0.22885378E-01,  0.26888272E+03, -0.22867415E+01
    1940.,  0.00000000E+00,  0.00000000E+00,  0.00000000E+00,  0.24942292E-01,  0.29214932E+03, -0.22867415E+01
    1941.,  0.00000000E+00,  0.00000000E+00,  0.00000000E+00,  0.00000000E+00,  0.31950706E-08, -0.22867415E+01
    1942.,  0.00000000E+00,  0.00000000E+00,  0.00000000E+00,  0.00000000E+00,  0.11519352E-07, -0.22867415E+01
    1943.,  0.00000000E+00,  0.00000000E+00,  0.00000000E+00,  0.00000000E+00,  0.10065052E-07, -0.22867415E+01
    1944.,  0.00000000E+00,  0.00000000E+00,  0.00000000E+00,  0.00000000E+00,  0.81051323E-08, -0.22867415E+01
    1945.,  0.00000000E+00,  0.00000000E+00,  0.00000000E+00,  0.00000000E+00,  0.13362574E-07, -0.22867415E+01
    1946.,  0.00000000E+00,  0.00000000E+00,  0.00000000E+00,  0.00000000E+00,  0.77369276E-08, -0.22867415E+01
    1947.,  0.00000000E+00,  0.00000000E+00,  0.00000000E+00,  0.00000000E+00,  0.56619041E-08, -0.22867415E+01
    1948.,  0.00000000E+00,  0.00000000E+00,  0.00000000E+00,  0.00000000E+00,  0.11001521E-07, -0.22867415E+01
    1949.,  0.00000000E+00,  0.00000000E+00,  0.00000000E+00,  0.22885076E-01,  0.28656093E+03, -0.22867415E+01
    1950.,  0.00000000E+00,  0.00000000E+00,  0.00000000E+00,  0.24272857E-01,  0.27907683E+03, -0.22867415E+01
    1951.,  0.00000000E+00,  0.00000000E+00,  0.00000000E+00,  0.18829118E-01,  0.25948321E+03, -0.22867415E+01
    1952.,  0.00000000E+00,  0.00000000E+00,  0.00000000E+00,  0.15310760E-01,  0.24389692E+03, -0.22867415E+01
    1953.,  0.00000000E+00,  0.00000000E+00,  0.00000000E+00,  0.30897876E-01,  0.31119362E+03, -0.30127832E+01
    1954.,  0.00000000E+00,  0.00000000E+00,  0.00000000E+00,  0.23739622E-01,  0.28915430E+03, -0.30127832E+01
    1955.,  0.00000000E+00,  0.00000000E+00,  0.00000000E+00,  0.15255425E-01,  0.26097718E+03, -0.30127832E+01
    1956.,  0.00000000E+00,  0.00000000E+00,  0.00000000E+00,  0.00000000E+00,  0.70971335E-08, -0.30127832E+01
    1957.,  0.00000000E+00,  0.00000000E+00,  0.00000000E+00,  0.00000000E+00,  0.19524250E-07, -0.30127832E+01
    1958.,  0.00000000E+00,  0.00000000E+00,  0.00000000E+00,  0.00000000E+00,  0.91393255E-08, -0.30127832E+01
    1959.,  0.00000000E+00,  0.00000000E+00,  0.00000000E+00,  0.00000000E+00,  0.13122552E-07, -0.30127832E+01
    1960.,  0.00000000E+00,  0.00000000E+00,  0.00000000E+00,  0.00000000E+00,  0.53201686E-08, -0.30127832E+01
    1961.,  0.00000000E+00,  0.00000000E+00,  0.00000000E+00,  0.00000000E+00,  0.41989254E-08, -0.30127832E+01
    1962.,  0.00000000E+00,  0.00000000E+00,  0.00000000E+00,  0.00000000E+00,  0.17493975E-07, -0.30127832E+01
    1963.,  0.00000000E+00,  0.00000000E+00,  0.00000000E+00,  0.00000000E+00,  0.55050986E-08, -0.30127832E+01
    1964.,  0.00000000E+00,  0.00000000E+00,  0.00000000E+00,  0.00000000E+00,  0.18833717E-07, -0.30127832E+01
    1965.,  0.00000000E+00,  0.00000000E+00,  0.00000000E+00,  0.00000000E+00,  0.66603913E-08, -0.30127832E+01
    1966.,  0.00000000E+00,  0.00000000E+00,  0.00000000E+00,  0.11628108E-01,  0.24647256E+03, -0.30127832E+01
    1967.,  0.00000000E+00,  0.00000000E+00,  0.00000000E+00,  0.12813470E-01,  0.24684506E+03, -0.30127832E+01
    1968.,  0.00000000E+00,  0.00000000E+00,  0.00000000E+00,  0.89679917E-02,  0.21914408E+03, -0.30127832E+01
    1969.,  0.00000000E+00,  0.00000000E+00,  0.00000000E+00,  0.37058524E-02,  0.20484185E+03, -0.37388248E+01
    1970.,  0.00000000E+00,  0.00000000E+00,  0.00000000E+00,  0.00000000E+00,  0.16031873E-07, -0.37388248E+01
    1971.,  0.00000000E+00,  0.00000000E+00,  0.00000000E+00,  0.00000000E+00,  0.10334651E-07, -0.37388248E+01
    1972.,  0.00000000E+00,  0.00000000E+00,  0.00000000E+00,  0.00000000E+00,  0.60951044E-08, -0.37388248E+01
    1973.,  0.00000000E+00,  0.00000000E+00,  0.00000000E+00,  0.00000000E+00,  0.13803877E-07, -0.37388248E+01
    1974.,  0.00000000E+00,  0.00000000E+00,  0.00000000E+00,  0.00000000E+00,  0.40236901E-08, -0.37388248E+01
    1975.,  0.00000000E+00,  0.00000000E+00,  0.00000000E+00,  0.00000000E+00,  0.55234971E-08, -0.37388248E+01
    1976.,  0.00000000E+00,  0.00000000E+00,  0.00000000E+00,  0.00000000E+00,  0.49359713E-08, -0.37388248E+01
    1977.,  0.00000000E+00,  0.00000000E+00,  0.00000000E+00,  0.00000000E+00,  0.91451516E-08, -0.37388248E+01
    1978.,  0.00000000E+00,  0.00000000E+00,  0.00000000E+00,  0.00000000E+00,  0.78767364E-08, -0.37388248E+01
    1979.,  0.00000000E+00,  0.00000000E+00,  0.00000000E+00,  0.00000000E+00,  0.18541189E-07, -0.37388248E+01
    1980.,  0.00000000E+00,  0.00000000E+00,  0.00000000E+00,  0.00000000E+00,  0.94906540E-08, -0.37388248E+01
    1981.,  0.00000000E+00,  0.00000000E+00,  0.00000000E+00,  0.00000000E+00,  0.11765670E-07, -0.37388248E+01
    1982.,  0.00000000E+00,  0.00000000E+00,  0.00000000E+00,  0.00000000E+00,  0.15853727E-07, -0.37388248E+01
    1983.,  0.00000000E+00,  0.00000000E+00,  0.00000000E+00,  0.48275253E-02,  0.21218596E+03, -0.37388248E+01
    1984.,  0.00000000E+00,  0.00000000E+00,  0.00000000E+00,  0.53624359E-02,  0.20717267E+03, -0.37388248E+01
    1985.,  0.00000000E+00,  0.00000000E+00,  0.00000000E+00,  0.00000000E+00,  0.94971667E+02, -0.44648665E+01
    1986.,  0.00000000E+00,  0.00000000E+00,  0.00000000E+00,  0.00000000E+00,  0.12064710E-07, -0.44648665E+01
    1987.,  0.00000000E+00,  0.00000000E+00,  0.00000000E+00,  0.00000000E+00,  0.14839476E-07, -0.44648665E+01
    1988.,  0.00000000E+00,  0.00000000E+00,  0.00000000E+00,  0.00000000E+00,  0.12972789E-07, -0.44648665E+01
    1989.,  0.00000000E+00,  0.00000000E+00,  0.00000000E+00,  0.00000000E+00,  0.75197208E-08, -0.44648665E+01
    1990.,  0.00000000E+00,  0.00000000E+00,  0.00000000E+00,  0.00000000E+00,  0.86569003E-08, -0.44648665E+01
    1991.,  0.00000000E+00,  0.00000000E+00,  0.00000000E+00,  0.00000000E+00,  0.72875607E-08, -0.44648665E+01
    1992.,  0.00000000E+00,  0.00000000E+00,  0.00000000E+00,  0.00000000E+00,  0.90188101E-08, -0.44648665E+01
    1993.,  0.00000000E+00,  0.00000000E+00,  0.00000000E+00,  0.00000000E+00,  0.13191461E-07, -0.44648665E+01
    1994.,  0.00000000E+00,  0.00000000E+00,  0.00000000E+00,  0.00000000E+00,  0.12400607E-07, -0.44648665E+01
    1995.,  0.00000000E+00,  0.00000000E+00,  0.00000000E+00,  0.00000000E+00,  0.14059550E-07, -0.44648665E+01
    1996.,  0.00000000E+00,  0.00000000E+00,  0.00000000E+00,  0.00000000E+00,  0.12761425E-07, -0.44648665E+01
    1997.,  0.00000000E+00,  0.00000000E+00,  0.00000000E+00,  0.00000000E+00,  0.55723826E-08, -0.44648665E+01
    1998.,  0.00000000E+00,  0.00000000E+00,  0.00000000E+00,  0.00000000E+00,  0.17043750E-07, -0.44648665E+01
    1999.,  0.00000000E+00,  0.00000000E+00,  0.00000000E+00,  0.00000000E+00,  0.10772745E-07, -0.44648665E+01
    2000.,  0.00000000E+00,  0.00000000E+00,  0.00000000E+00,  0.10314754E-03,  0.13870723E+03, -0.44648665E+01
    2001.,  0.00000000E+00,  0.00000000E+00,  0.00000000E+00,  0.00000000E+00,  0.13626005E-07, -0.51909082E+01
    2002.,  0.00000000E+00,  0.00000000E+00,  0.00000000E+00,  0.00000000E+00,  0.10690414E-07, -0.51909082E+01
    2003.,  0.00000000E+00,  0.00000000E+00,  0.00000000E+00,  0.00000000E+00,  0.10882794E-07, -0.51909082E+01
    2004.,  0.00000000E+00,  0.00000000E+00,  0.00000000E+00,  0.00000000E+00,  0.47282200E-08, -0.51909082E+01
    2005.,  0.00000000E+00,  0.00000000E+00,  0.00000000E+00,  0.00000000E+00,  0.12541539E-07, -0.51909082E+01
    2006.,  0.00000000E+00,  0.00000000E+00,  0.00000000E+00,  0.00000000E+00,  0.17817770E-08, -0.51909082E+01
    2007.,  0.00000000E+00,  0.00000000E+00,  0.00000000E+00,  0.00000000E+00,  0.33759568E-08, -0.51909082E+01
    2008.,  0.00000000E+00,  0.00000000E+00,  0.00000000E+00,  0.00000000E+00,  0.11566317E-07, -0.51909082E+01
    2009.,  0.00000000E+00,  0.00000000E+00,  0.00000000E+00,  0.00000000E+00,  0.11224595E-07, -0.51909082E+01
    2010.,  0.00000000E+00,  0.00000000E+00,  0.00000000E+00,  0.00000000E+00,  0.12242979E-07, -0.51909082E+01
    2011.,  0.00000000E+00,  0.00000000E+00,  0.00000000E+00,  0.00000000E+00,  0.65137621E-08, -0.51909082E+01
    2012.,  0.00000000E+00,  0.00000000E+00,  0.00000000E+00,  0.00000000E+00,  0.95022151E-08, -0.51909082E+01
    2013.,  0.00000000E+00,  0.00000000E+00,  0.00000000E+00,  0.00000000E+00,  0.13499531E-07, -0.51909082E+01
    2014.,  0.00000000E+00,  0.00000000E+00,  0.00000000E+00,  0.00000000E+00,  0.26285545E-07, -0.51909082E+01
    2015.,  0.00000000E+00,  0.00000000E+00,  0.00000000E+00,  0.00000000E+00,  0.97977400E-08, -0.51909082E+01
    2016.,  0.00000000E+00,  0.00000000E+00,  0.00000000E+00,  0.00000000E+00,  0.88118852E-08, -0.51909082E+01
    2017.,  0.00000000E+00,  0.00000000E+00,  0.00000000E+00,  0.00000000E+00,  0.81659412E-08, -0.59169498E+01
    2018.,  0.00000000E+00,  0.00000000E+00,  0.00000000E+00,  0.00000000E+00,  0.10649039E-07, -0.59169498E+01
    2019.,  0.00000000E+00,  0.00000000E+00,  0.00000000E+00,  0.00000000E+00,  0.65342777E-08, -0.59169498E+01
    2020.,  0.00000000E+00,  0.00000000E+00,  0.00000000E+00,  0.00000000E+00,  0.13227883E-07, -0.59169498E+01
    2021.,  0.00000000E+00,  0.00000000E+00,  0.00000000E+00,  0.00000000E+00,  0.79346573E-08, -0.59169498E+01
    2022.,  0.00000000E+00,  0.00000000E+00,  0.00000000E+00,  0.00000000E+00,  0.76533005E-08, -0.59169498E+01
    2023.,  0.00000000E+00,  0.00000000E+00,  0.00000000E+00,  0.00000000E+00,  0.12823009E-07, -0.59169498E+01
    2024.,  0.00000000E+00,  0.00000000E+00,  0.00000000E+00,  0.00000000E+00,  0.49330626E-08, -0.59169498E+01
    2025.,  0.00000000E+00,  0.00000000E+00,  0.00000000E+00,  0.00000000E+00,  0.14566914E-07, -0.59169498E+01
    2026.,  0.00000000E+00,  0.00000000E+00,  0.00000000E+00,  0.00000000E+00,  0.14322028E-07, -0.59169498E+01
    2027.,  0.00000000E+00,  0.00000000E+00,  0.00000000E+00,  0.00000000E+00,  0.10714392E-07, -0.59169498E+01
    2028.,  0.00000000E+00,  0.00000000E+00,  0.00000000E+00,  0.00000000E+00,  0.93511563E-08, -0.59169498E+01
    2029.,  0.00000000E+00,  0.00000000E+00,  0.00000000E+00,  0.00000000E+00,  0.63839187E-08, -0.59169498E+01
    2030.,  0.00000000E+00,  0.00000000E+00,  0.00000000E+00,  0.00000000E+00,  0.18085364E-07, -0.59169498E+01
    2031.,  0.00000000E+00,  0.00000000E+00,  0.00000000E+00,  0.00000000E+00,  0.77411255E-08, -0.59169498E+01
    2032.,  0.00000000E+00,  0.00000000E+00,  0.00000000E+00,  0.00000000E+00,  0.99413182E-08, -0.59169498E+01
    2033.,  0.00000000E+00,  0.00000000E+00,  0.00000000E+00,  0.00000000E+00,  0.88863366E-08, -0.66429915E+01
    2034.,  0.00000000E+00,  0.00000000E+00,  0.00000000E+00,  0.00000000E+00,  0.15009944E-07, -0.66429915E+01
    2035.,  0.00000000E+00,  0.00000000E+00,  0.00000000E+00,  0.00000000E+00,  0.84954509E-08, -0.66429915E+01
    2036.,  0.00000000E+00,  0.00000000E+00,  0.00000000E+00,  0.00000000E+00,  0.63633560E-08, -0.66429915E+01
    2037.,  0.00000000E+00,  0.00000000E+00,  0.00000000E+00,  0.00000000E+00,  0.18448121E-07, -0.66429915E+01
    2038.,  0.00000000E+00,  0.00000000E+00,  0.00000000E+00,  0.00000000E+00,  0.10608324E-07, -0.66429915E+01
    2039.,  0.00000000E+00,  0.00000000E+00,  0.00000000E+00,  0.00000000E+00,  0.80241811E-08, -0.66429915E+01
    2040.,  0.00000000E+00,  0.00000000E+00,  0.00000000E+00,  0.00000000E+00,  0.87512659E-08, -0.66429915E+01
    2041.,  0.00000000E+00,  0.00000000E+00,  0.00000000E+00,  0.00000000E+00,  0.10909860E-07, -0.66429915E+01
    2042.,  0.00000000E+00,  0.00000000E+00,  0.00000000E+00,  0.00000000E+00,  0.15470772E-07, -0.66429915E+01
    2043.,  0.00000000E+00,  0.00000000E+00,  0.00000000E+00,  0.00000000E+00,  0.12742211E-07, -0.66429915E+01
    2044.,  0.00000000E+00,  0.00000000E+00,  0.00000000E+00,  0.00000000E+00,  0.13915238E-07, -0.66429915E+01
    2045.,  0.00000000E+00,  0.00000000E+00,  0.00000000E+00,  0.00000000E+00,  0.11361160E-07, -0.66429915E+01
    2046.,  0.00000000E+00,  0.00000000E+00,  0.00000000E+00,  0.00000000E+00,  0.16138982E-07, -0.66429915E+01
    2047.,  0.00000000E+00,  0.00000000E+00,  0.00000000E+00,  0.00000000E+00,  0.19871470E-07, -0.66429915E+01
    2048.,  0.00000000E+00,  0.00000000E+00,  0.00000000E+00,  0.00000000E+00,  0.75993795E-08, -0.66429915E+01
    2049.,  0.00000000E+00,  0.00000000E+00,  0.00000000E+00,  0.00000000E+00,  0.12194276E-07, -0.73690332E+01
    2050.,  0.00000000E+00,  0.00000000E+00,  0.00000000E+00,  0.00000000E+00,  0.63604424E-08, -0.73690332E+01
    2051.,  0.00000000E+00,  0.00000000E+00,  0.00000000E+00,  0.00000000E+00,  0.15212903E-07, -0.73690332E+01
    2052.,  0.00000000E+00,  0.00000000E+00,  0.00000000E+00,  0.00000000E+00,  0.87918896E-08, -0.73690332E+01
    2053.,  0.00000000E+00,  0.00000000E+00,  0.00000000E+00,  0.00000000E+00,  0.85781027E-08, -0.73690332E+01
    2054.,  0.00000000E+00,  0.00000000E+00,  0.00000000E+00,  0.00000000E+00,  0.23097937E-08, -0.73690332E+01
    2055.,  0.00000000E+00,  0.00000000E+00,  0.00000000E+00,  0.00000000E+00,  0.90161343E-08, -0.73690332E+01
    2056.,  0.00000000E+00,  0.00000000E+00,  0.00000000E+00,  0.00000000E+00,  0.62750405E-08, -0.73690332E+01
    2057.,  0.00000000E+00,  0.00000000E+00,  0.00000000E+00,  0.00000000E+00,  0.81892337E-08, -0.73690332E+01
    2058.,  0.00000000E+00,  0.00000000E+00,  0.00000000E+00,  0.00000000E+00,  0.10929377E-07, -0.73690332E+01
    2059.,  0.00000000E+00,  0.00000000E+00,  0.00000000E+00,  0.00000000E+00,  0.11959255E-07, -0.73690332E+01
    2060.,  0.00000000E+00,  0.00000000E+00,  0.00000000E+00,  0.00000000E+00,  0.12225987E-07, -0.73690332E+01
    2061.,  0.00000000E+00,  0.00000000E+00,  0.00000000E+00,  0.00000000E+00,  0.69674682E-08, -0.73690332E+01
    2062.,  0.00000000E+00,  0.00000000E+00,  0.00000000E+00,  0.00000000E+00,  0.16942158E-07, -0.73690332E+01
    2063.,  0.00000000E+00,  0.00000000E+00,  0.00000000E+00,  0.00000000E+00,  0.14768034E-07, -0.73690332E+01
    2064.,  0.00000000E+00,  0.00000000E+00,  0.00000000E+00,  0.00000000E+00,  0.69982776E-08, -0.73690332E+01
    2065.,  0.00000000E+00,  0.00000000E+00,  0.00000000E+00,  0.00000000E+00,  0.80683405E-08, -0.80950748E+01
    2066.,  0.00000000E+00,  0.00000000E+00,  0.00000000E+00,  0.00000000E+00,  0.33564629E-08, -0.80950748E+01
    2067.,  0.00000000E+00,  0.00000000E+00,  0.00000000E+00,  0.00000000E+00,  0.60740730E-08, -0.80950748E+01
    2068.,  0.00000000E+00,  0.00000000E+00,  0.00000000E+00,  0.00000000E+00,  0.78061604E-08, -0.80950748E+01
    2069.,  0.00000000E+00,  0.00000000E+00,  0.00000000E+00,  0.00000000E+00,  0.15189135E-07, -0.80950748E+01
    2070.,  0.00000000E+00,  0.00000000E+00,  0.00000000E+00,  0.00000000E+00,  0.88373884E-08, -0.80950748E+01
    2071.,  0.00000000E+00,  0.00000000E+00,  0.00000000E+00,  0.00000000E+00,  0.69704815E-08, -0.80950748E+01
    2072.,  0.00000000E+00,  0.00000000E+00,  0.00000000E+00,  0.00000000E+00,  0.11897849E-07, -0.80950748E+01
    2073.,  0.00000000E+00,  0.00000000E+00,  0.00000000E+00,  0.00000000E+00,  0.58834073E-08, -0.80950748E+01
    2074.,  0.00000000E+00,  0.00000000E+00,  0.00000000E+00,  0.00000000E+00,  0.19242661E-07, -0.80950748E+01
    2075.,  0.00000000E+00,  0.00000000E+00,  0.00000000E+00,  0.00000000E+00,  0.13305941E-07, -0.80950748E+01
    2076.,  0.00000000E+00,  0.00000000E+00,  0.00000000E+00,  0.00000000E+00,  0.79817554E-08, -0.80950748E+01
    2077.,  0.00000000E+00,  0.00000000E+00,  0.00000000E+00,  0.00000000E+00,  0.10685896E-07, -0.80950748E+01
    2078.,  0.00000000E+00,  0.00000000E+00,  0.00000000E+00,  0.00000000E+00,  0.21626051E-07, -0.80950748E+01
    2079.,  0.00000000E+00,  0.00000000E+00,  0.00000000E+00,  0.00000000E+00,  0.13523288E-07, -0.80950748E+01
    2080.,  0.00000000E+00,  0.00000000E+00,  0.00000000E+00,  0.00000000E+00,  0.69889360E-08, -0.80950748E+01
    2081.,  0.00000000E+00,  0.00000000E+00,  0.00000000E+00,  0.00000000E+00,  0.11416080E-07, -0.88211165E+01
    2082.,  0.00000000E+00,  0.00000000E+00,  0.00000000E+00,  0.00000000E+00,  0.86635802E-08, -0.88211165E+01
    2083.,  0.00000000E+00,  0.00000000E+00,  0.00000000E+00,  0.00000000E+00,  0.25573440E-08, -0.88211165E+01
    2084.,  0.00000000E+00,  0.00000000E+00,  0.00000000E+00,  0.00000000E+00,  0.14170044E-07, -0.88211165E+01
    2085.,  0.00000000E+00,  0.00000000E+00,  0.00000000E+00,  0.00000000E+00,  0.88343963E-08, -0.88211165E+01
    2086.,  0.00000000E+00,  0.00000000E+00,  0.00000000E+00,  0.00000000E+00,  0.11255569E-07, -0.88211165E+01
    2087.,  0.00000000E+00,  0.00000000E+00,  0.00000000E+00,  0.00000000E+00,  0.73702332E-08, -0.88211165E+01
    2088.,  0.00000000E+00,  0.00000000E+00,  0.00000000E+00,  0.00000000E+00,  0.83957555E-08, -0.88211165E+01
    2089.,  0.00000000E+00,  0.00000000E+00,  0.00000000E+00,  0.00000000E+00,  0.11613328E-07, -0.88211165E+01
    2090.,  0.00000000E+00,  0.00000000E+00,  0.00000000E+00,  0.00000000E+00,  0.13920371E-07, -0.88211165E+01
    2091.,  0.00000000E+00,  0.00000000E+00,  0.00000000E+00,  0.00000000E+00,  0.91786459E-08, -0.88211165E+01
    2092.,  0.00000000E+00,  0.00000000E+00,  0.00000000E+00,  0.00000000E+00,  0.10883420E-07, -0.88211165E+01
    2093.,  0.00000000E+00,  0.00000000E+00,  0.00000000E+00,  0.00000000E+00,  0.99418299E-08, -0.88211165E+01
    2094.,  0.00000000E+00,  0.00000000E+00,  0.00000000E+00,  0.00000000E+00,  0.17098911E-07, -0.88211165E+01
    2095.,  0.00000000E+00,  0.00000000E+00,  0.00000000E+00,  0.00000000E+00,  0.11408817E-07, -0.88211165E+01
    2096.,  0.00000000E+00,  0.00000000E+00,  0.00000000E+00,  0.00000000E+00,  0.64057709E-08, -0.88211165E+01
    2097.,  0.00000000E+00,  0.00000000E+00,  0.00000000E+00,  0.00000000E+00,  0.72654572E-08, -0.95471582E+01
    2098.,  0.00000000E+00,  0.00000000E+00,  0.00000000E+00,  0.00000000E+00,  0.11794665E-07, -0.95471582E+01
    2099.,  0.00000000E+00,  0.00000000E+00,  0.00000000E+00,  0.00000000E+00,  0.73862345E-08, -0.95471582E+01
    2100.,  0.00000000E+00,  0.00000000E+00,  0.00000000E+00,  0.00000000E+00,  0.11566448E-07, -0.95471582E+01
    2101.,  0.00000000E+00,  0.00000000E+00,  0.00000000E+00,  0.00000000E+00,  0.72100233E-08, -0.95471582E+01
    2102.,  0.00000000E+00,  0.00000000E+00,  0.00000000E+00,  0.00000000E+00,  0.79032288E-08, -0.95471582E+01
    2103.,  0.00000000E+00,  0.00000000E+00,  0.00000000E+00,  0.00000000E+00,  0.17453963E-07, -0.95471582E+01
    2104.,  0.00000000E+00,  0.00000000E+00,  0.00000000E+00,  0.00000000E+00,  0.13615734E-07, -0.95471582E+01
    2105.,  0.00000000E+00,  0.00000000E+00,  0.00000000E+00,  0.00000000E+00,  0.20466155E-07, -0.95471582E+01
    2106.,  0.00000000E+00,  0.00000000E+00,  0.00000000E+00,  0.00000000E+00,  0.21813401E-08, -0.95471582E+01
    2107.,  0.00000000E+00,  0.00000000E+00,  0.00000000E+00,  0.00000000E+00,  0.59770710E-08, -0.95471582E+01
    2108.,  0.00000000E+00,  0.00000000E+00,  0.00000000E+00,  0.00000000E+00,  0.12795813E-07, -0.95471582E+01
    2109.,  0.00000000E+00,  0.00000000E+00,  0.00000000E+00,  0.00000000E+00,  0.65222716E-08, -0.95471582E+01
    2110.,  0.00000000E+00,  0.00000000E+00,  0.00000000E+00,  0.00000000E+00,  0.10718888E-07, -0.95471582E+01
    2111.,  0.00000000E+00,  0.00000000E+00,  0.00000000E+00,  0.00000000E+00,  0.16729840E-07, -0.95471582E+01
    2112.,  0.00000000E+00,  0.00000000E+00,  0.00000000E+00,  0.00000000E+00,  0.12746931E-07, -0.95471582E+01
    2113.,  0.00000000E+00,  0.00000000E+00,  0.00000000E+00,  0.00000000E+00,  0.80119598E-08, -0.10273200E+02
    2114.,  0.00000000E+00,  0.00000000E+00,  0.00000000E+00,  0.00000000E+00,  0.17617218E-08, -0.10273200E+02
    2115.,  0.00000000E+00,  0.00000000E+00,  0.00000000E+00,  0.00000000E+00,  0.51566026E-08, -0.10273200E+02
    2116.,  0.00000000E+00,  0.00000000E+00,  0.00000000E+00,  0.00000000E+00,  0.11929804E-07, -0.10273200E+02
    2117.,  0.00000000E+00,  0.00000000E+00,  0.00000000E+00,  0.00000000E+00,  0.10549677E-07, -0.10273200E+02
    2118.,  0.00000000E+00,  0.00000000E+00,  0.00000000E+00,  0.00000000E+00,  0.27116370E-07, -0.10273200E+02
    2119.,  0.00000000E+00,  0.00000000E+00,  0.00000000E+00,  0.00000000E+00,  0.56275414E-08, -0.10273200E+02
    2120.,  0.00000000E+00,  0.00000000E+00,  0.00000000E+00,  0.00000000E+00,  0.93902786E-08, -0.10273200E+02
    2121.,  0.00000000E+00,  0.00000000E+00,  0.00000000E+00,  0.00000000E+00,  0.17481039E-07, -0.10273200E+02
    2122.,  0.00000000E+00,  0.00000000E+00,  0.00000000E+00,  0.00000000E+00,  0.15907504E-07, -0.10273200E+02
    2123.,  0.00000000E+00,  0.00000000E+00,  0.00000000E+00,  0.00000000E+00,  0.14351397E-07, -0.10273200E+02
    2124.,  0.00000000E+00,  0.00000000E+00,  0.00000000E+00,  0.00000000E+00,  0.11186679E-07, -0.10273200E+02
    2125.,  0.00000000E+00,  0.00000000E+00,  0.00000000E+00,  0.00000000E+00,  0.11932083E-07, -0.10273200E+02
    2126.,  0.00000000E+00,  0.00000000E+00,  0.00000000E+00,  0.00000000E+00,  0.19130145E-07, -0.10273200E+02
    2127.,  0.00000000E+00,  0.00000000E+00,  0.00000000E+00,  0.00000000E+00,  0.14124136E-07, -0.10273200E+02
    2128.,  0.00000000E+00,  0.00000000E+00,  0.00000000E+00,  0.00000000E+00,  0.14284440E-07, -0.10273200E+02
    2129.,  0.00000000E+00,  0.00000000E+00,  0.00000000E+00,  0.00000000E+00,  0.18461292E-07, -0.10999242E+02
    2130.,  0.00000000E+00,  0.00000000E+00,  0.00000000E+00,  0.00000000E+00,  0.15196267E-07, -0.10999242E+02
    2131.,  0.00000000E+00,  0.00000000E+00,  0.00000000E+00,  0.00000000E+00,  0.85158425E-08, -0.10999242E+02
    2132.,  0.00000000E+00,  0.00000000E+00,  0.00000000E+00,  0.00000000E+00,  0.16154784E-07, -0.10999242E+02
    2133.,  0.00000000E+00,  0.00000000E+00,  0.00000000E+00,  0.00000000E+00,  0.48925839E-08, -0.10999242E+02
    2134.,  0.00000000E+00,  0.00000000E+00,  0.00000000E+00,  0.00000000E+00,  0.14015714E-07, -0.10999242E+02
    2135.,  0.00000000E+00,  0.00000000E+00,  0.00000000E+00,  0.00000000E+00,  0.18643314E-07, -0.10999242E+02
    2136.,  0.00000000E+00,  0.00000000E+00,  0.00000000E+00,  0.00000000E+00,  0.66826161E-08, -0.10999242E+02
    2137.,  0.00000000E+00,  0.00000000E+00,  0.00000000E+00,  0.00000000E+00,  0.11569761E-07, -0.10999242E+02
    2138.,  0.00000000E+00,  0.00000000E+00,  0.00000000E+00,  0.00000000E+00,  0.90095701E-08, -0.10999242E+02
    2139.,  0.00000000E+00,  0.00000000E+00,  0.00000000E+00,  0.00000000E+00,  0.12958050E-07, -0.10999242E+02
    2140.,  0.00000000E+00,  0.00000000E+00,  0.00000000E+00,  0.00000000E+00,  0.10791724E-07, -0.10999242E+02
    2141.,  0.00000000E+00,  0.00000000E+00,  0.00000000E+00,  0.00000000E+00,  0.79422385E-08, -0.10999242E+02
    2142.,  0.00000000E+00,  0.00000000E+00,  0.00000000E+00,  0.00000000E+00,  0.11202271E-07, -0.10999242E+02
    2143.,  0.00000000E+00,  0.00000000E+00,  0.00000000E+00,  0.00000000E+00,  0.15202398E-07, -0.10999242E+02
    2144.,  0.00000000E+00,  0.00000000E+00,  0.00000000E+00,  0.00000000E+00,  0.14497142E-07, -0.10999242E+02
    2145.,  0.00000000E+00,  0.00000000E+00,  0.00000000E+00,  0.00000000E+00,  0.37542097E-08, -0.11725283E+02
    2146.,  0.00000000E+00,  0.00000000E+00,  0.00000000E+00,  0.00000000E+00,  0.10105785E-07, -0.11725283E+02
    2147.,  0.00000000E+00,  0.00000000E+00,  0.00000000E+00,  0.00000000E+00,  0.58854365E-08, -0.11725283E+02
    2148.,  0.00000000E+00,  0.00000000E+00,  0.00000000E+00,  0.00000000E+00,  0.10288051E-07, -0.11725283E+02
    2149.,  0.00000000E+00,  0.00000000E+00,  0.00000000E+00,  0.00000000E+00,  0.62520870E-08, -0.11725283E+02
    2150.,  0.00000000E+00,  0.00000000E+00,  0.00000000E+00,  0.00000000E+00,  0.10586773E-07, -0.11725283E+02
    2151.,  0.00000000E+00,  0.00000000E+00,  0.00000000E+00,  0.00000000E+00,  0.40296936E-08, -0.11725283E+02
    2152.,  0.00000000E+00,  0.00000000E+00,  0.00000000E+00,  0.00000000E+00,  0.46163677E-08, -0.11725283E+02
    2153.,  0.00000000E+00,  0.00000000E+00,  0.00000000E+00,  0.00000000E+00,  0.10397945E-07, -0.11725283E+02
    2154.,  0.00000000E+00,  0.00000000E+00,  0.00000000E+00,  0.00000000E+00,  0.91816537E-08, -0.11725283E+02
    2155.,  0.00000000E+00,  0.00000000E+00,  0.00000000E+00,  0.00000000E+00,  0.12481932E-07, -0.11725283E+02
    2156.,  0.00000000E+00,  0.00000000E+00,  0.00000000E+00,  0.00000000E+00,  0.15578143E-07, -0.11725283E+02
    2157.,  0.00000000E+00,  0.00000000E+00,  0.00000000E+00,  0.00000000E+00,  0.65136531E-08, -0.11725283E+02
    2158.,  0.00000000E+00,  0.00000000E+00,  0.00000000E+00,  0.00000000E+00,  0.15669565E-07, -0.11725283E+02
    2159.,  0.00000000E+00,  0.00000000E+00,  0.00000000E+00,  0.00000000E+00,  0.14061546E-07, -0.11725283E+02
    2160.,  0.00000000E+00,  0.00000000E+00,  0.00000000E+00,  0.00000000E+00,  0.14422478E-07, -0.11725283E+02
    2161.,  0.00000000E+00,  0.00000000E+00,  0.00000000E+00,  0.00000000E+00,  0.12048816E-07, -0.12451325E+02
    2162.,  0.00000000E+00,  0.00000000E+00,  0.00000000E+00,  0.00000000E+00,  0.12830393E-07, -0.12451325E+02
    2163.,  0.00000000E+00,  0.00000000E+00,  0.00000000E+00,  0.00000000E+00,  0.13515710E-07, -0.12451325E+02
    2164.,  0.00000000E+00,  0.00000000E+00,  0.00000000E+00,  0.00000000E+00,  0.14972649E-07, -0.12451325E+02
    2165.,  0.00000000E+00,  0.00000000E+00,  0.00000000E+00,  0.00000000E+00,  0.93236390E-08, -0.12451325E+02
    2166.,  0.00000000E+00,  0.00000000E+00,  0.00000000E+00,  0.00000000E+00,  0.31222787E-08, -0.12451325E+02
    2167.,  0.00000000E+00,  0.00000000E+00,  0.00000000E+00,  0.00000000E+00,  0.97561695E-08, -0.12451325E+02
    2168.,  0.00000000E+00,  0.00000000E+00,  0.00000000E+00,  0.00000000E+00,  0.95807571E-08, -0.12451325E+02
    2169.,  0.00000000E+00,  0.00000000E+00,  0.00000000E+00,  0.00000000E+00,  0.16868524E-07, -0.12451325E+02
    2170.,  0.00000000E+00,  0.00000000E+00,  0.00000000E+00,  0.00000000E+00,  0.10105763E-07, -0.12451325E+02
    2171.,  0.00000000E+00,  0.00000000E+00,  0.00000000E+00,  0.00000000E+00,  0.15635933E-07, -0.12451325E+02
    2172.,  0.00000000E+00,  0.00000000E+00,  0.00000000E+00,  0.00000000E+00,  0.98561326E-08, -0.12451325E+02
    2173.,  0.00000000E+00,  0.00000000E+00,  0.00000000E+00,  0.00000000E+00,  0.70710060E-08, -0.12451325E+02
    2174.,  0.00000000E+00,  0.00000000E+00,  0.00000000E+00,  0.00000000E+00,  0.14326980E-07, -0.12451325E+02
    2175.,  0.00000000E+00,  0.00000000E+00,  0.00000000E+00,  0.00000000E+00,  0.16934331E-07, -0.12451325E+02
    2176.,  0.00000000E+00,  0.00000000E+00,  0.00000000E+00,  0.00000000E+00,  0.95858412E-08, -0.12451325E+02
    2177.,  0.00000000E+00,  0.00000000E+00,  0.00000000E+00,  0.00000000E+00,  0.14204077E-07, -0.13177366E+02
    2178.,  0.00000000E+00,  0.00000000E+00,  0.00000000E+00,  0.00000000E+00,  0.14440797E-07, -0.13177366E+02
    2179.,  0.00000000E+00,  0.00000000E+00,  0.00000000E+00,  0.00000000E+00,  0.98063891E-08, -0.13177366E+02
    2180.,  0.00000000E+00,  0.00000000E+00,  0.00000000E+00,  0.00000000E+00,  0.10573853E-07, -0.13177366E+02
    2181.,  0.00000000E+00,  0.00000000E+00,  0.00000000E+00,  0.00000000E+00,  0.15038020E-07, -0.13177366E+02
    2182.,  0.00000000E+00,  0.00000000E+00,  0.00000000E+00,  0.00000000E+00,  0.14436004E-07, -0.13177366E+02
    2183.,  0.00000000E+00,  0.00000000E+00,  0.00000000E+00,  0.00000000E+00,  0.15102241E-07, -0.13177366E+02
    2184.,  0.00000000E+00,  0.00000000E+00,  0.00000000E+00,  0.00000000E+00,  0.13197344E-07, -0.13177366E+02
    2185.,  0.00000000E+00,  0.00000000E+00,  0.00000000E+00,  0.00000000E+00,  0.12842715E-07, -0.13177366E+02
    2186.,  0.00000000E+00,  0.00000000E+00,  0.00000000E+00,  0.00000000E+00,  0.88155473E-08, -0.13177366E+02
    2187.,  0.00000000E+00,  0.00000000E+00,  0.00000000E+00,  0.00000000E+00,  0.13664121E-07, -0.13177366E+02
    2188.,  0.00000000E+00,  0.00000000E+00,  0.00000000E+00,  0.00000000E+00,  0.88415106E-08, -0.13177366E+02
    2189.,  0.00000000E+00,  0.00000000E+00,  0.00000000E+00,  0.00000000E+00,  0.14454967E-07, -0.13177366E+02
    2190.,  0.00000000E+00,  0.00000000E+00,  0.00000000E+00,  0.00000000E+00,  0.22380003E-07, -0.13177366E+02
    2191.,  0.00000000E+00,  0.00000000E+00,  0.00000000E+00,  0.00000000E+00,  0.86986979E-08, -0.13177366E+02
    2192.,  0.00000000E+00,  0.00000000E+00,  0.00000000E+00,  0.00000000E+00,  0.64790773E-08, -0.13177366E+02
    2193.,  0.00000000E+00,  0.00000000E+00,  0.00000000E+00,  0.00000000E+00,  0.18678668E-07, -0.13903408E+02
    2194.,  0.00000000E+00,  0.00000000E+00,  0.00000000E+00,  0.00000000E+00,  0.10089145E-07, -0.13903408E+02
    2195.,  0.00000000E+00,  0.00000000E+00,  0.00000000E+00,  0.00000000E+00,  0.86941471E-08, -0.13903408E+02
    2196.,  0.00000000E+00,  0.00000000E+00,  0.00000000E+00,  0.00000000E+00,  0.19468393E-07, -0.13903408E+02
    2197.,  0.00000000E+00,  0.00000000E+00,  0.00000000E+00,  0.00000000E+00,  0.71828677E-08, -0.13903408E+02
    2198.,  0.00000000E+00,  0.00000000E+00,  0.00000000E+00,  0.00000000E+00,  0.75687958E-08, -0.13903408E+02
    2199.,  0.00000000E+00,  0.00000000E+00,  0.00000000E+00,  0.00000000E+00,  0.82420713E-08, -0.13903408E+02
    2200.,  0.00000000E+00,  0.00000000E+00,  0.00000000E+00,  0.00000000E+00,  0.16447174E-07, -0.13903408E+02
    2201.,  0.00000000E+00,  0.00000000E+00,  0.00000000E+00,  0.00000000E+00,  0.16438125E-07, -0.13903408E+02
    2202.,  0.00000000E+00,  0.00000000E+00,  0.00000000E+00,  0.00000000E+00,  0.10887873E-07, -0.13903408E+02
    2203.,  0.00000000E+00,  0.00000000E+00,  0.00000000E+00,  0.00000000E+00,  0.18279587E-07, -0.13903408E+02
    2204.,  0.00000000E+00,  0.00000000E+00,  0.00000000E+00,  0.00000000E+00,  0.11427094E-07, -0.13903408E+02
    2205.,  0.00000000E+00,  0.00000000E+00,  0.00000000E+00,  0.00000000E+00,  0.18086921E-07, -0.13903408E+02
    2206.,  0.00000000E+00,  0.00000000E+00,  0.00000000E+00,  0.00000000E+00,  0.19358367E-07, -0.13903408E+02
    2207.,  0.00000000E+00,  0.00000000E+00,  0.00000000E+00,  0.00000000E+00,  0.91066315E-08, -0.13903408E+02
    2208.,  0.00000000E+00,  0.00000000E+00,  0.00000000E+00,  0.00000000E+00,  0.12877947E-07, -0.13903408E+02
    2209.,  0.00000000E+00,  0.00000000E+00,  0.00000000E+00,  0.00000000E+00,  0.11045233E-07, -0.14629450E+02
    2210.,  0.00000000E+00,  0.00000000E+00,  0.00000000E+00,  0.00000000E+00,  0.12731755E-07, -0.14629450E+02
    2211.,  0.00000000E+00,  0.00000000E+00,  0.00000000E+00,  0.00000000E+00,  0.13912629E-07, -0.14629450E+02
    2212.,  0.00000000E+00,  0.00000000E+00,  0.00000000E+00,  0.00000000E+00,  0.14503027E-07, -0.14629450E+02
    2213.,  0.00000000E+00,  0.00000000E+00,  0.00000000E+00,  0.00000000E+00,  0.99591954E-08, -0.14629450E+02
    2214.,  0.00000000E+00,  0.00000000E+00,  0.00000000E+00,  0.00000000E+00,  0.18935860E-07, -0.14629450E+02
    2215.,  0.00000000E+00,  0.00000000E+00,  0.00000000E+00,  0.00000000E+00,  0.93116106E-08, -0.14629450E+02
    2216.,  0.00000000E+00,  0.00000000E+00,  0.00000000E+00,  0.00000000E+00,  0.29982700E-07, -0.14629450E+02
    2217.,  0.00000000E+00,  0.00000000E+00,  0.00000000E+00,  0.00000000E+00,  0.47690697E-08, -0.14629450E+02
    2218.,  0.00000000E+00,  0.00000000E+00,  0.00000000E+00,  0.00000000E+00,  0.93473054E-08, -0.14629450E+02
    2219.,  0.00000000E+00,  0.00000000E+00,  0.00000000E+00,  0.00000000E+00,  0.25315026E-08, -0.14629450E+02
    2220.,  0.00000000E+00,  0.00000000E+00,  0.00000000E+00,  0.00000000E+00,  0.18004520E-07, -0.14629450E+02
    2221.,  0.00000000E+00,  0.00000000E+00,  0.00000000E+00,  0.00000000E+00,  0.70462868E-08, -0.14629450E+02
    2222.,  0.00000000E+00,  0.00000000E+00,  0.00000000E+00,  0.00000000E+00,  0.14769698E-07, -0.14629450E+02
    2223.,  0.00000000E+00,  0.00000000E+00,  0.00000000E+00,  0.00000000E+00,  0.20952854E-07, -0.14629450E+02
    2224.,  0.00000000E+00,  0.00000000E+00,  0.00000000E+00,  0.00000000E+00,  0.15372450E-07, -0.14629450E+02
    2225.,  0.00000000E+00,  0.00000000E+00,  0.00000000E+00,  0.00000000E+00,  0.15134890E-07, -0.15355491E+02
    2226.,  0.00000000E+00,  0.00000000E+00,  0.00000000E+00,  0.00000000E+00,  0.82813284E-08, -0.15355491E+02
    2227.,  0.00000000E+00,  0.00000000E+00,  0.00000000E+00,  0.00000000E+00,  0.11618883E-07, -0.15355491E+02
    2228.,  0.00000000E+00,  0.00000000E+00,  0.00000000E+00,  0.00000000E+00,  0.23859772E-07, -0.15355491E+02
    2229.,  0.00000000E+00,  0.00000000E+00,  0.00000000E+00,  0.00000000E+00,  0.76081369E-08, -0.15355491E+02
    2230.,  0.00000000E+00,  0.00000000E+00,  0.00000000E+00,  0.00000000E+00,  0.61815485E-08, -0.15355491E+02
    2231.,  0.00000000E+00,  0.00000000E+00,  0.00000000E+00,  0.00000000E+00,  0.17124569E-07, -0.15355491E+02
    2232.,  0.00000000E+00,  0.00000000E+00,  0.00000000E+00,  0.00000000E+00,  0.20014852E-07, -0.15355491E+02
    2233.,  0.00000000E+00,  0.00000000E+00,  0.00000000E+00,  0.00000000E+00,  0.20301453E-07, -0.15355491E+02
    2234.,  0.00000000E+00,  0.00000000E+00,  0.00000000E+00,  0.00000000E+00,  0.13838557E-07, -0.15355491E+02
    2235.,  0.00000000E+00,  0.00000000E+00,  0.00000000E+00,  0.00000000E+00,  0.66609969E-08, -0.15355491E+02
    2236.,  0.00000000E+00,  0.00000000E+00,  0.00000000E+00,  0.00000000E+00,  0.18359095E-07, -0.15355491E+02
    2237.,  0.00000000E+00,  0.00000000E+00,  0.00000000E+00,  0.00000000E+00,  0.11012896E-07, -0.15355491E+02
    2238.,  0.00000000E+00,  0.00000000E+00,  0.00000000E+00,  0.00000000E+00,  0.29278082E-07, -0.15355491E+02
    2239.,  0.00000000E+00,  0.00000000E+00,  0.00000000E+00,  0.00000000E+00,  0.86142602E-08, -0.15355491E+02
    2240.,  0.00000000E+00,  0.00000000E+00,  0.00000000E+00,  0.00000000E+00,  0.12251466E-07, -0.15355491E+02
    2241.,  0.00000000E+00,  0.00000000E+00,  0.00000000E+00,  0.00000000E+00,  0.15659474E-07, -0.16081533E+02
    2242.,  0.00000000E+00,  0.00000000E+00,  0.00000000E+00,  0.00000000E+00,  0.12292604E-07, -0.16081533E+02
    2243.,  0.00000000E+00,  0.00000000E+00,  0.00000000E+00,  0.00000000E+00,  0.19587006E-07, -0.16081533E+02
    2244.,  0.00000000E+00,  0.00000000E+00,  0.00000000E+00,  0.00000000E+00,  0.24674560E-07, -0.16081533E+02
    2245.,  0.00000000E+00,  0.00000000E+00,  0.00000000E+00,  0.00000000E+00,  0.92518293E-08, -0.16081533E+02
    2246.,  0.00000000E+00,  0.00000000E+00,  0.00000000E+00,  0.00000000E+00,  0.37640545E-08, -0.16081533E+02
    2247.,  0.00000000E+00,  0.00000000E+00,  0.00000000E+00,  0.00000000E+00,  0.75485793E-08, -0.16081533E+02
    2248.,  0.00000000E+00,  0.00000000E+00,  0.00000000E+00,  0.00000000E+00,  0.92409319E-08, -0.16081533E+02
    2249.,  0.00000000E+00,  0.00000000E+00,  0.00000000E+00,  0.00000000E+00,  0.98961151E-08, -0.16081533E+02
    2250.,  0.00000000E+00,  0.00000000E+00,  0.00000000E+00,  0.00000000E+00,  0.18294411E-07, -0.16081533E+02
    2251.,  0.00000000E+00,  0.00000000E+00,  0.00000000E+00,  0.00000000E+00,  0.14077401E-07, -0.16081533E+02
    2252.,  0.00000000E+00,  0.00000000E+00,  0.00000000E+00,  0.00000000E+00,  0.15556058E-07, -0.16081533E+02
    2253.,  0.00000000E+00,  0.00000000E+00,  0.00000000E+00,  0.00000000E+00,  0.18595087E-07, -0.16081533E+02
    2254.,  0.00000000E+00,  0.00000000E+00,  0.00000000E+00,  0.00000000E+00,  0.16416701E-07, -0.16081533E+02
    2255.,  0.00000000E+00,  0.00000000E+00,  0.00000000E+00,  0.00000000E+00,  0.25770151E-07, -0.16081533E+02
    2256.,  0.00000000E+00,  0.00000000E+00,  0.00000000E+00,  0.00000000E+00,  0.23753306E-07, -0.16081533E+02
    2257.,  0.00000000E+00,  0.00000000E+00,  0.00000000E+00,  0.00000000E+00,  0.37983171E-08, -0.16807575E+02
    2258.,  0.00000000E+00,  0.00000000E+00,  0.00000000E+00,  0.00000000E+00,  0.94271099E-08, -0.16807575E+02
    2259.,  0.00000000E+00,  0.00000000E+00,  0.00000000E+00,  0.00000000E+00,  0.45019034E-08, -0.16807575E+02
    2260.,  0.00000000E+00,  0.00000000E+00,  0.00000000E+00,  0.00000000E+00,  0.17014360E-07, -0.16807575E+02
    2261.,  0.00000000E+00,  0.00000000E+00,  0.00000000E+00,  0.00000000E+00,  0.11128522E-07, -0.16807575E+02
    2262.,  0.00000000E+00,  0.00000000E+00,  0.00000000E+00,  0.00000000E+00,  0.17490079E-07, -0.16807575E+02
    2263.,  0.00000000E+00,  0.00000000E+00,  0.00000000E+00,  0.00000000E+00,  0.20656108E-07, -0.16807575E+02
    2264.,  0.00000000E+00,  0.00000000E+00,  0.00000000E+00,  0.00000000E+00,  0.22687551E-07, -0.16807575E+02
    2265.,  0.00000000E+00,  0.00000000E+00,  0.00000000E+00,  0.00000000E+00,  0.13393846E-07, -0.16807575E+02
    2266.,  0.00000000E+00,  0.00000000E+00,  0.00000000E+00,  0.00000000E+00,  0.22956281E-07, -0.16807575E+02
    2267.,  0.00000000E+00,  0.00000000E+00,  0.00000000E+00,  0.00000000E+00,  0.78573187E-08, -0.16807575E+02
    2268.,  0.00000000E+00,  0.00000000E+00,  0.00000000E+00,  0.00000000E+00,  0.22469071E-07, -0.16807575E+02
    2269.,  0.00000000E+00,  0.00000000E+00,  0.00000000E+00,  0.00000000E+00,  0.16737671E-07, -0.16807575E+02
    2270.,  0.00000000E+00,  0.00000000E+00,  0.00000000E+00,  0.00000000E+00,  0.28529692E-07, -0.16807575E+02
    2271.,  0.00000000E+00,  0.00000000E+00,  0.00000000E+00,  0.00000000E+00,  0.30078674E-07, -0.16807575E+02
    2272.,  0.00000000E+00,  0.00000000E+00,  0.00000000E+00,  0.00000000E+00,  0.90482870E-08, -0.16807575E+02
    2273.,  0.00000000E+00,  0.00000000E+00,  0.00000000E+00,  0.00000000E+00,  0.16317825E-07, -0.17533617E+02
    2274.,  0.00000000E+00,  0.00000000E+00,  0.00000000E+00,  0.00000000E+00,  0.18169730E-07, -0.17533617E+02
    2275.,  0.00000000E+00,  0.00000000E+00,  0.00000000E+00,  0.00000000E+00,  0.16119866E-07, -0.17533617E+02
    2276.,  0.00000000E+00,  0.00000000E+00,  0.00000000E+00,  0.00000000E+00,  0.11094548E-07, -0.17533617E+02
    2277.,  0.00000000E+00,  0.00000000E+00,  0.00000000E+00,  0.00000000E+00,  0.51347171E-08, -0.17533617E+02
    2278.,  0.00000000E+00,  0.00000000E+00,  0.00000000E+00,  0.00000000E+00,  0.57369519E-08, -0.17533617E+02
    2279.,  0.00000000E+00,  0.00000000E+00,  0.00000000E+00,  0.00000000E+00,  0.10452594E-07, -0.17533617E+02
    2280.,  0.00000000E+00,  0.00000000E+00,  0.00000000E+00,  0.00000000E+00,  0.10167121E-07, -0.17533617E+02
    2281.,  0.00000000E+00,  0.00000000E+00,  0.00000000E+00,  0.00000000E+00,  0.10952167E-07, -0.17533617E+02
    2282.,  0.00000000E+00,  0.00000000E+00,  0.00000000E+00,  0.00000000E+00,  0.68202214E-08, -0.17533617E+02
    2283.,  0.00000000E+00,  0.00000000E+00,  0.00000000E+00,  0.00000000E+00,  0.13019277E-07, -0.17533617E+02
    2284.,  0.00000000E+00,  0.00000000E+00,  0.00000000E+00,  0.00000000E+00,  0.16609724E-07, -0.17533617E+02
    2285.,  0.00000000E+00,  0.00000000E+00,  0.00000000E+00,  0.00000000E+00,  0.17916047E-07, -0.17533617E+02
    2286.,  0.00000000E+00,  0.00000000E+00,  0.00000000E+00,  0.00000000E+00,  0.12068363E-07, -0.17533617E+02
    2287.,  0.00000000E+00,  0.00000000E+00,  0.00000000E+00,  0.00000000E+00,  0.15281870E-07, -0.17533617E+02
    2288.,  0.00000000E+00,  0.00000000E+00,  0.00000000E+00,  0.00000000E+00,  0.11540180E-07, -0.17533617E+02
    2289.,  0.00000000E+00,  0.00000000E+00,  0.00000000E+00,  0.00000000E+00,  0.13813062E-07, -0.18259658E+02
    2290.,  0.00000000E+00,  0.00000000E+00,  0.00000000E+00,  0.00000000E+00,  0.11634755E-07, -0.18259658E+02
    2291.,  0.00000000E+00,  0.00000000E+00,  0.00000000E+00,  0.00000000E+00,  0.98466544E-08, -0.18259658E+02
    2292.,  0.00000000E+00,  0.00000000E+00,  0.00000000E+00,  0.00000000E+00,  0.18886745E-07, -0.18259658E+02
    2293.,  0.00000000E+00,  0.00000000E+00,  0.00000000E+00,  0.00000000E+00,  0.16261639E-07, -0.18259658E+02
    2294.,  0.00000000E+00,  0.00000000E+00,  0.00000000E+00,  0.00000000E+00,  0.13581382E-07, -0.18259658E+02
    2295.,  0.00000000E+00,  0.00000000E+00,  0.00000000E+00,  0.00000000E+00,  0.74251393E-08, -0.18259658E+02
    2296.,  0.00000000E+00,  0.00000000E+00,  0.00000000E+00,  0.00000000E+00,  0.15542476E-07, -0.18259658E+02
    2297.,  0.00000000E+00,  0.00000000E+00,  0.00000000E+00,  0.00000000E+00,  0.64272889E-08, -0.18259658E+02
    2298.,  0.00000000E+00,  0.00000000E+00,  0.00000000E+00,  0.00000000E+00,  0.11528899E-07, -0.18259658E+02
    2299.,  0.00000000E+00,  0.00000000E+00,  0.00000000E+00,  0.00000000E+00,  0.32800203E-07, -0.18259658E+02
    2300.,  0.00000000E+00,  0.00000000E+00,  0.00000000E+00,  0.00000000E+00,  0.19449252E-07, -0.18259658E+02
    2301.,  0.00000000E+00,  0.00000000E+00,  0.00000000E+00,  0.00000000E+00,  0.14798879E-07, -0.18259658E+02
    2302.,  0.00000000E+00,  0.00000000E+00,  0.00000000E+00,  0.00000000E+00,  0.63028442E-08, -0.18259658E+02
    2303.,  0.00000000E+00,  0.00000000E+00,  0.00000000E+00,  0.00000000E+00,  0.19898019E-07, -0.18259658E+02
    2304.,  0.00000000E+00,  0.00000000E+00,  0.00000000E+00,  0.00000000E+00,  0.24002531E-07, -0.18259658E+02
