node,x_mm,y_mm,z_mm,ux_mm,uy_mm,uz_mm
       1.,  0.88907483E+01,  0.19809384E+02, -0.11976790E+01,  0.65772842E-03,  0.37507239E-02,  0.16080263E-03
       2.,  0.90216325E+01,  0.19933067E+02, -0.11976790E+01,  0.62528282E-03,  0.37136826E-02,  0.16717283E-03
       3.,  0.91795178E+01,  0.20062336E+02, -0.11976790E+01,  0.59910640E-03,  0.36450990E-02,  0.16337494E-03
       4.,  0.93688664E+01,  0.20193475E+02, -0.11976790E+01,  0.58796748E-03,  0.35370719E-02,  0.15933695E-03
       5.,  0.95933411E+01,  0.20320634E+02, -0.11976790E+01,  0.60070890E-03,  0.33880915E-02,  0.15538279E-03
       6.,  0.98545190E+01,  0.20435670E+02, -0.11976790E+01,  0.64656311E-03,  0.32072579E-02,  0.15246769E-03
       7.,  0.10150303E+02,  0.20528699E+02, -0.11976790E+01,  0.72618276E-03,  0.30210570E-02,  0.15052987E-03
       8.,  0.10473624E+02,  0.20589699E+02, -0.11976790E+01,  0.82746750E-03,  0.28675979E-02,  0.14833121E-03
       9.,  0.10812349E+02,  0.20610999E+02, -0.11976790E+01,  0.92592119E-03,  0.27800622E-02,  0.14627507E-03
      10.,  0.11151074E+02,  0.20589699E+02, -0.11976790E+01,  0.99368294E-03,  0.27669315E-02,  0.14495398E-03
      11.,  0.11474394E+02,  0.20528699E+02, -0.11976790E+01,  0.10118247E-02,  0.28068891E-02,  0.14417280E-03
      12.,  0.11770179E+02,  0.20435670E+02, -0.11976790E+01,  0.97766526E-03,  0.28641596E-02,  0.14269567E-03
      13.,  0.12031357E+02,  0.20320634E+02, -0.11976790E+01,  0.90196879E-03,  0.29086619E-02,  0.14120813E-03
      14.,  0.12255831E+02,  0.20193475E+02, -0.11976790E+01,  0.80167223E-03,  0.29260234E-02,  0.13924312E-03
      15.,  0.12445180E+02,  0.20062336E+02, -0.11976790E+01,  0.69195541E-03,  0.29151846E-02,  0.13969454E-03
      16.,  0.12603065E+02,  0.19933067E+02, -0.11976790E+01,  0.58407981E-03,  0.28822845E-02,  0.13793260E-03
      17.,  0.12733950E+02,  0.19809384E+02, -0.11976790E+01,  0.48413145E-03,  0.28349945E-02,  0.14256530E-03
      18.,  0.12856786E+02,  0.19676715E+02, -0.11976790E+01,  0.38276913E-03,  0.27717001E-02,  0.14134281E-03
      19.,  0.12984638E+02,  0.19517209E+02, -0.11976790E+01,  0.27026319E-03,  0.26832806E-02,  0.14478306E-03
      20.,  0.13113701E+02,  0.19326645E+02, -0.11976790E+01,  0.15093910E-03,  0.25675326E-02,  0.14624770E-03
      21.,  0.13238114E+02,  0.19101688E+02, -0.11976790E+01,  0.31207523E-04,  0.24249606E-02,  0.14716334E-03
      22.,  0.13349872E+02,  0.18841125E+02, -0.11976790E+01, -0.80350093E-04,  0.22607918E-02,  0.14735914E-03
      23.,  0.13439432E+02,  0.18547351E+02, -0.11976790E+01, -0.17524870E-03,  0.20850865E-02,  0.14741969E-03
      24.,  0.13497286E+02,  0.18227513E+02, -0.11976790E+01, -0.24789387E-03,  0.19105767E-02,  0.14768608E-03
      25.,  0.13516315E+02,  0.17893479E+02, -0.11976790E+01, -0.29729092E-03,  0.17494496E-02,  0.14821434E-03
      26.,  0.13493999E+02,  0.17560060E+02, -0.11976790E+01, -0.32679362E-03,  0.16100521E-02,  0.14872090E-03
      27.,  0.13433285E+02,  0.17241936E+02, -0.11976790E+01, -0.34178858E-03,  0.14956475E-02,  0.14900538E-03
      28.,  0.13341575E+02,  0.16950635E+02, -0.11976790E+01, -0.34737174E-03,  0.14053329E-02,  0.14911230E-03
      29.,  0.13228459E+02,  0.16692904E+02, -0.11976790E+01, -0.34726572E-03,  0.13359199E-02,  0.14914324E-03
      30.,  0.13103404E+02,  0.16470794E+02, -0.11976790E+01, -0.34383272E-03,  0.12835355E-02,  0.14915051E-03
      31.,  0.12974251E+02,  0.16282870E+02, -0.11976790E+01, -0.33848738E-03,  0.12445259E-02,  0.14915184E-03
      32.,  0.12846686E+02,  0.16125683E+02, -0.11976790E+01, -0.33207868E-03,  0.12158012E-02,  0.14915207E-03
      33.,  0.12724366E+02,  0.15994982E+02, -0.11976790E+01, -0.32515754E-03,  0.11949134E-02,  0.14915209E-03
      34.,  0.12592945E+02,  0.15872032E+02, -0.11976790E+01, -0.31698265E-03,  0.11781022E-02,  0.14915247E-03
      35.,  0.12434749E+02,  0.15743799E+02, -0.11976790E+01, -0.30619873E-03,  0.11641052E-02,  0.14915288E-03
      36.,  0.12245466E+02,  0.15614012E+02, -0.11976790E+01, -0.29200546E-03,  0.11547992E-02,  0.14915388E-03
      37.,  0.12021615E+02,  0.15488468E+02, -0.11976790E+01, -0.27338748E-03,  0.11526590E-02,  0.14915546E-03
      38.,  0.11761787E+02,  0.15375165E+02, -0.11976790E+01, -0.24918860E-03,  0.11607172E-02,  0.14915735E-03
      39.,  0.11468165E+02,  0.15283734E+02, -0.11976790E+01, -0.21827300E-03,  0.11822182E-02,  0.14915906E-03
      40.,  0.11147739E+02,  0.15223880E+02, -0.11976790E+01, -0.17981653E-03,  0.12198835E-02,  0.14915976E-03
      41.,  0.10812349E+02,  0.15202999E+02, -0.11976790E+01, -0.13366406E-03,  0.12748971E-02,  0.14915842E-03
      42.,  0.10476959E+02,  0.15223880E+02, -0.11976790E+01, -0.80595153E-04,  0.13460843E-02,  0.14915426E-03
      43.,  0.10156533E+02,  0.15283734E+02, -0.11976790E+01, -0.22317735E-04,  0.14298813E-02,  0.14914731E-03
      44.,  0.98629112E+01,  0.15375165E+02, -0.11976790E+01,  0.38862406E-04,  0.15212570E-02,  0.14913858E-03
      45.,  0.96030834E+01,  0.15488468E+02, -0.11976790E+01,  0.10054440E-03,  0.16150648E-02,  0.14912941E-03
      46.,  0.93792318E+01,  0.15614012E+02, -0.11976790E+01,  0.16066705E-03,  0.17071027E-02,  0.14912090E-03
      47.,  0.91899489E+01,  0.15743799E+02, -0.11976790E+01,  0.21773042E-03,  0.17945363E-02,  0.14911349E-03
      48.,  0.90317525E+01,  0.15872032E+02, -0.11976790E+01,  0.27081902E-03,  0.18758113E-02,  0.14910731E-03
      49.,  0.89003322E+01,  0.15994982E+02, -0.11976790E+01,  0.31947971E-03,  0.19503031E-02,  0.14910442E-03
      50.,  0.87780118E+01,  0.16125683E+02, -0.11976790E+01,  0.36932366E-03,  0.20267819E-02,  0.14910413E-03
      51.,  0.86504468E+01,  0.16282870E+02, -0.11976790E+01,  0.42713445E-03,  0.21160812E-02,  0.14911170E-03
      52.,  0.85212943E+01,  0.16470794E+02, -0.11976790E+01,  0.49346341E-03,  0.22201761E-02,  0.14913907E-03
      53.,  0.83962388E+01,  0.16692904E+02, -0.11976790E+01,  0.56802387E-03,  0.23410123E-02,  0.14921429E-03
      54.,  0.82831228E+01,  0.16950635E+02, -0.11976790E+01,  0.64885276E-03,  0.24801167E-02,  0.14940093E-03
      55.,  0.81914125E+01,  0.17241936E+02, -0.11976790E+01,  0.73135575E-03,  0.26379136E-02,  0.14977559E-03
      56.,  0.81306984E+01,  0.17560060E+02, -0.11976790E+01,  0.80777869E-03,  0.28125805E-02,  0.15027592E-03
      57.,  0.81083827E+01,  0.17893479E+02, -0.11976790E+01,  0.86812257E-03,  0.29986495E-02,  0.15071768E-03
      58.,  0.81274120E+01,  0.18227513E+02, -0.11976790E+01,  0.90322216E-03,  0.31862419E-02,  0.15094565E-03
      59.,  0.81852658E+01,  0.18547351E+02, -0.11976790E+01,  0.90877504E-03,  0.33622625E-02,  0.15113607E-03
      60.,  0.82748255E+01,  0.18841125E+02, -0.11976790E+01,  0.88728621E-03,  0.35136889E-02,  0.15178476E-03
      61.,  0.83865843E+01,  0.19101688E+02, -0.11976790E+01,  0.84638922E-03,  0.36312116E-02,  0.15356018E-03
      62.,  0.85109971E+01,  0.19326645E+02, -0.11976790E+01,  0.79547781E-03,  0.37109401E-02,  0.15722312E-03
      63.,  0.86400595E+01,  0.19517209E+02, -0.11976790E+01,  0.74335569E-03,  0.37537695E-02,  0.16125242E-03
      64.,  0.87679120E+01,  0.19676715E+02, -0.11976790E+01,  0.69642004E-03,  0.37645147E-02,  0.16689603E-03
      65.,  0.85521705E+01,  0.20144576E+02, -0.11976790E+01,  0.69029432E-03,  0.38283228E-02,  0.13739414E-03
      66.,  0.87061158E+01,  0.20290051E+02, -0.11976790E+01,  0.68202244E-03,  0.38183750E-02,  0.12382596E-03
      67.,  0.88918198E+01,  0.20442097E+02, -0.11976790E+01,  0.69104190E-03,  0.37717836E-02,  0.12805722E-03
      68.,  0.91145309E+01,  0.20596343E+02, -0.11976790E+01,  0.72199588E-03,  0.36740116E-02,  0.13403682E-03
      69.,  0.93785571E+01,  0.20745907E+02, -0.11976790E+01,  0.77943673E-03,  0.35136550E-02,  0.13945964E-03
      70.,  0.96857534E+01,  0.20881211E+02, -0.11976790E+01,  0.85631004E-03,  0.32977840E-02,  0.14369906E-03
      71.,  0.10033654E+02,  0.20990632E+02, -0.11976790E+01,  0.93692785E-03,  0.30602309E-02,  0.14682214E-03
      72.,  0.10413942E+02,  0.21062380E+02, -0.11976790E+01,  0.10030707E-02,  0.28597749E-02,  0.15070792E-03
      73.,  0.10812349E+02,  0.21087432E+02, -0.11976790E+01,  0.10440011E-02,  0.27518787E-02,  0.15422798E-03
      74.,  0.11210756E+02,  0.21062380E+02, -0.11976790E+01,  0.10594181E-02,  0.27500170E-02,  0.15636446E-03
      75.,  0.11591044E+02,  0.20990632E+02, -0.11976790E+01,  0.10530782E-02,  0.28158356E-02,  0.15745703E-03
      76.,  0.11938944E+02,  0.20881211E+02, -0.11976790E+01,  0.10254666E-02,  0.28902236E-02,  0.15984723E-03
      77.,  0.12246141E+02,  0.20745907E+02, -0.11976790E+01,  0.97535560E-03,  0.29309368E-02,  0.16217573E-03
      78.,  0.12510167E+02,  0.20596343E+02, -0.11976790E+01,  0.90350734E-03,  0.29248465E-02,  0.16533017E-03
      79.,  0.12732878E+02,  0.20442097E+02, -0.11976790E+01,  0.81589989E-03,  0.28796106E-02,  0.16440042E-03
      80.,  0.12918582E+02,  0.20290051E+02, -0.11976790E+01,  0.71962794E-03,  0.28096993E-02,  0.16776472E-03
      81.,  0.13072527E+02,  0.20144576E+02, -0.11976790E+01,  0.62230274E-03,  0.27286932E-02,  0.15878715E-03
      82.,  0.13217007E+02,  0.19988531E+02, -0.11976790E+01,  0.51547115E-03,  0.26333145E-02,  0.16191922E-03
      83.,  0.13367387E+02,  0.19800921E+02, -0.11976790E+01,  0.38859813E-03,  0.25154328E-02,  0.15607611E-03
      84.,  0.13519189E+02,  0.19576781E+02, -0.11976790E+01,  0.24439506E-03,  0.23775615E-02,  0.15351609E-03
      85.,  0.13665523E+02,  0.19312187E+02, -0.11976790E+01,  0.91377493E-04,  0.22266839E-02,  0.15218821E-03
      86.,  0.13796973E+02,  0.19005714E+02, -0.11976790E+01, -0.56990398E-04,  0.20728551E-02,  0.15200283E-03
      87.,  0.13902313E+02,  0.18660178E+02, -0.11976790E+01, -0.18498546E-03,  0.19259461E-02,  0.15197333E-03
      88.,  0.13970360E+02,  0.18283987E+02, -0.11976790E+01, -0.28011735E-03,  0.17930867E-02,  0.15153566E-03
      89.,  0.13992743E+02,  0.17891097E+02, -0.11976790E+01, -0.33864136E-03,  0.16769306E-02,  0.15056125E-03
      90.,  0.13966495E+02,  0.17498931E+02, -0.11976790E+01, -0.36593869E-03,  0.15768879E-02,  0.14964843E-03
      91.,  0.13895083E+02,  0.17124755E+02, -0.11976790E+01, -0.37207878E-03,  0.14913789E-02,  0.14919227E-03
      92.,  0.13787214E+02,  0.16782128E+02, -0.11976790E+01, -0.36668282E-03,  0.14190750E-02,  0.14906447E-03
      93.,  0.13654167E+02,  0.16478985E+02, -0.11976790E+01, -0.35641608E-03,  0.13588850E-02,  0.14904985E-03
      94.,  0.13507078E+02,  0.16217741E+02, -0.11976790E+01, -0.34498795E-03,  0.13096413E-02,  0.14906199E-03
      95.,  0.13355169E+02,  0.15996705E+02, -0.11976790E+01, -0.33412260E-03,  0.12700025E-02,  0.14907754E-03
      96.,  0.13205128E+02,  0.15811822E+02, -0.11976790E+01, -0.32446295E-03,  0.12385476E-02,  0.14909105E-03
      97.,  0.13061255E+02,  0.15658093E+02, -0.11976790E+01, -0.31611444E-03,  0.12138886E-02,  0.14910235E-03
      98.,  0.12906679E+02,  0.15513479E+02, -0.11976790E+01, -0.30803949E-03,  0.11923593E-02,  0.14911225E-03
      99.,  0.12720609E+02,  0.15362652E+02, -0.11976790E+01, -0.29937898E-03,  0.11723253E-02,  0.14912260E-03
     100.,  0.12497975E+02,  0.15209997E+02, -0.11976790E+01, -0.29021578E-03,  0.11558409E-02,  0.14913214E-03
     101.,  0.12234682E+02,  0.15062333E+02, -0.11976790E+01, -0.28056990E-03,  0.11460232E-02,  0.14914046E-03
     102.,  0.11929074E+02,  0.14929066E+02, -0.11976790E+01, -0.27019553E-03,  0.11471667E-02,  0.14914742E-03
     103.,  0.11583717E+02,  0.14821525E+02, -0.11976790E+01, -0.25827986E-03,  0.11644579E-02,  0.14915279E-03
     104.,  0.11206833E+02,  0.14751125E+02, -0.11976790E+01, -0.24315768E-03,  0.12029232E-02,  0.14915672E-03
     105.,  0.10812349E+02,  0.14726566E+02, -0.11976790E+01, -0.22237121E-03,  0.12656168E-02,  0.14915996E-03
     106.,  0.10417865E+02,  0.14751125E+02, -0.11976790E+01, -0.19337073E-03,  0.13518401E-02,  0.14916354E-03
     107.,  0.10040981E+02,  0.14821525E+02, -0.11976790E+01, -0.15464603E-03,  0.14566925E-02,  0.14916784E-03
     108.,  0.96956242E+01,  0.14929066E+02, -0.11976790E+01, -0.10652385E-03,  0.15725144E-02,  0.14917208E-03
     109.,  0.93900159E+01,  0.15062333E+02, -0.11976790E+01, -0.51053122E-04,  0.16913000E-02,  0.14917516E-03
     110.,  0.91267226E+01,  0.15209997E+02, -0.11976790E+01,  0.88192564E-05,  0.18066157E-02,  0.14917630E-03
     111.,  0.89040889E+01,  0.15362652E+02, -0.11976790E+01,  0.70149534E-04,  0.19143305E-02,  0.14917602E-03
     112.,  0.87180189E+01,  0.15513479E+02, -0.11976790E+01,  0.13054829E-03,  0.20124016E-02,  0.14917469E-03
     113.,  0.85634430E+01,  0.15658093E+02, -0.11976790E+01,  0.18836759E-03,  0.21003000E-02,  0.14916865E-03
     114.,  0.84195702E+01,  0.15811822E+02, -0.11976790E+01,  0.24967841E-03,  0.21882866E-02,  0.14915886E-03
     115.,  0.82695288E+01,  0.15996705E+02, -0.11976790E+01,  0.32302661E-03,  0.22877910E-02,  0.14913564E-03
     116.,  0.81176202E+01,  0.16217741E+02, -0.11976790E+01,  0.40978376E-03,  0.23990952E-02,  0.14908143E-03
     117.,  0.79705304E+01,  0.16478985E+02, -0.11976790E+01,  0.51004134E-03,  0.25215727E-02,  0.14895329E-03
     118.,  0.78374839E+01,  0.16782128E+02, -0.11976790E+01,  0.62121873E-03,  0.26534240E-02,  0.14862550E-03
     119.,  0.77296146E+01,  0.17124755E+02, -0.11976790E+01,  0.73625221E-03,  0.27917308E-02,  0.14792351E-03
     120.,  0.76582029E+01,  0.17498931E+02, -0.11976790E+01,  0.84246527E-03,  0.29331671E-02,  0.14695385E-03
     121.,  0.76319554E+01,  0.17891097E+02, -0.11976790E+01,  0.92326735E-03,  0.30751400E-02,  0.14611247E-03
     122.,  0.76543375E+01,  0.18283987E+02, -0.11976790E+01,  0.96413904E-03,  0.32161765E-02,  0.14576663E-03
     123.,  0.77223849E+01,  0.18660178E+02, -0.11976790E+01,  0.96047108E-03,  0.33543596E-02,  0.14557156E-03
     124.,  0.78277247E+01,  0.19005714E+02, -0.11976790E+01,  0.92082872E-03,  0.34853251E-02,  0.14466481E-03
     125.,  0.79591749E+01,  0.19312187E+02, -0.11976790E+01,  0.86209381E-03,  0.36024182E-02,  0.14226950E-03
     126.,  0.81055087E+01,  0.19576781E+02, -0.11976790E+01,  0.80109828E-03,  0.36989720E-02,  0.13715169E-03
     127.,  0.82573113E+01,  0.19800921E+02, -0.11976790E+01,  0.74916623E-03,  0.37701608E-02,  0.13103045E-03
     128.,  0.84076909E+01,  0.19988531E+02, -0.11976790E+01,  0.71186315E-03,  0.38131758E-02,  0.12330238E-03
     129.,  0.82135926E+01,  0.20479768E+02, -0.11976790E+01,  0.79358741E-03,  0.40043954E-02,  0.11750605E-03
     130.,  0.83905992E+01,  0.20647036E+02, -0.11976790E+01,  0.79245965E-03,  0.40049324E-02,  0.16251224E-03
     131.,  0.86041219E+01,  0.20821859E+02, -0.11976790E+01,  0.80816743E-03,  0.39616139E-02,  0.17109687E-03
     132.,  0.88601954E+01,  0.20999210E+02, -0.11976790E+01,  0.85710103E-03,  0.38497379E-02,  0.16967914E-03
     133.,  0.91637731E+01,  0.21171179E+02, -0.11976790E+01,  0.93494999E-03,  0.36582196E-02,  0.16486070E-03
     134.,  0.95169878E+01,  0.21326752E+02, -0.11976790E+01,  0.10301374E-02,  0.33925410E-02,  0.15834838E-03
     135.,  0.99170042E+01,  0.21452564E+02, -0.11976790E+01,  0.11225162E-02,  0.30947748E-02,  0.15225411E-03
     136.,  0.10354260E+02,  0.21535060E+02, -0.11976790E+01,  0.11906792E-02,  0.28434096E-02,  0.14482073E-03
     137.,  0.10812349E+02,  0.21563866E+02, -0.11976790E+01,  0.12213008E-02,  0.27156228E-02,  0.14031102E-03
     138.,  0.11270437E+02,  0.21535060E+02, -0.11976790E+01,  0.12155367E-02,  0.27294144E-02,  0.13696867E-03
     139.,  0.11707694E+02,  0.21452564E+02, -0.11976790E+01,  0.11824883E-02,  0.28285307E-02,  0.13515305E-03
     140.,  0.12107710E+02,  0.21326752E+02, -0.11976790E+01,  0.11309465E-02,  0.29313410E-02,  0.13156901E-03
     141.,  0.12460925E+02,  0.21171179E+02, -0.11976790E+01,  0.10634525E-02,  0.29841528E-02,  0.12986915E-03
     142.,  0.12764503E+02,  0.20999210E+02, -0.11976790E+01,  0.98126256E-03,  0.29746302E-02,  0.12524833E-03
     143.,  0.13020576E+02,  0.20821859E+02, -0.11976790E+01,  0.88481836E-03,  0.29144756E-02,  0.12996698E-03
     144.,  0.13234099E+02,  0.20647036E+02, -0.11976790E+01,  0.78198238E-03,  0.28244842E-02,  0.12086128E-03
     145.,  0.13411105E+02,  0.20479768E+02, -0.11976790E+01,  0.67761053E-03,  0.27213247E-02,  0.14461257E-03
     146.,  0.13577228E+02,  0.20300348E+02, -0.11976790E+01,  0.56367560E-03,  0.26033882E-02,  0.12829494E-03
     147.,  0.13750135E+02,  0.20084633E+02, -0.11976790E+01,  0.42747281E-03,  0.24593598E-02,  0.13766207E-03
     148.,  0.13924678E+02,  0.19826917E+02, -0.11976790E+01,  0.27305370E-03,  0.22958691E-02,  0.14175736E-03
     149.,  0.14092932E+02,  0.19522686E+02, -0.11976790E+01,  0.10862164E-03,  0.21244174E-02,  0.14442923E-03
     150.,  0.14244074E+02,  0.19170303E+02, -0.11976790E+01, -0.51785091E-04,  0.19579290E-02,  0.14445242E-03
     151.,  0.14365194E+02,  0.18773005E+02, -0.11976790E+01, -0.19031776E-03,  0.18100415E-02,  0.14403671E-03
     152.,  0.14443435E+02,  0.18340460E+02, -0.11976790E+01, -0.29316154E-03,  0.16884275E-02,  0.14469759E-03
     153.,  0.14469170E+02,  0.17888715E+02, -0.11976790E+01, -0.35613017E-03,  0.15923739E-02,  0.14663299E-03
     154.,  0.14438990E+02,  0.17437802E+02, -0.11976790E+01, -0.38490727E-03,  0.15154769E-02,  0.14836425E-03
     155.,  0.14356881E+02,  0.17007574E+02, -0.11976790E+01, -0.39034549E-03,  0.14509408E-02,  0.14913216E-03
     156.,  0.14232853E+02,  0.16613621E+02, -0.11976790E+01, -0.38316395E-03,  0.13946566E-02,  0.14928043E-03
     157.,  0.14079876E+02,  0.16265067E+02, -0.11976790E+01, -0.37105134E-03,  0.13451474E-02,  0.14927270E-03
     158.,  0.13910752E+02,  0.15964688E+02, -0.11976790E+01, -0.35838932E-03,  0.13021818E-02,  0.14924572E-03
     159.,  0.13736087E+02,  0.15710541E+02, -0.11976790E+01, -0.34717840E-03,  0.12657058E-02,  0.14922201E-03
     160.,  0.13563569E+02,  0.15497962E+02, -0.11976790E+01, -0.33805134E-03,  0.12354223E-02,  0.14920397E-03
     161.,  0.13398144E+02,  0.15321204E+02, -0.11976790E+01, -0.33098594E-03,  0.12107771E-02,  0.14919033E-03
     162.,  0.13220412E+02,  0.15154926E+02, -0.11976790E+01, -0.32505899E-03,  0.11885259E-02,  0.14918061E-03
     163.,  0.13006469E+02,  0.14981506E+02, -0.11976790E+01, -0.31992934E-03,  0.11670910E-02,  0.14917024E-03
     164.,  0.12750484E+02,  0.14805982E+02, -0.11976790E+01, -0.31618930E-03,  0.11487243E-02,  0.14916179E-03
     165.,  0.12447749E+02,  0.14636198E+02, -0.11976790E+01, -0.31436669E-03,  0.11370068E-02,  0.14915586E-03
     166.,  0.12096361E+02,  0.14482968E+02, -0.11976790E+01, -0.31456812E-03,  0.11370918E-02,  0.14915177E-03
     167.,  0.11699269E+02,  0.14359317E+02, -0.11976790E+01, -0.31591359E-03,  0.11554042E-02,  0.14914909E-03
     168.,  0.11265927E+02,  0.14278371E+02, -0.11976790E+01, -0.31599535E-03,  0.11983503E-02,  0.14914668E-03
     169.,  0.10812349E+02,  0.14250132E+02, -0.11976790E+01, -0.31088061E-03,  0.12699977E-02,  0.14914224E-03
     170.,  0.10358770E+02,  0.14278371E+02, -0.11976790E+01, -0.29612400E-03,  0.13697398E-02,  0.14913332E-03
     171.,  0.99254285E+01,  0.14359317E+02, -0.11976790E+01, -0.26850156E-03,  0.14916442E-02,  0.14911927E-03
     172.,  0.95283373E+01,  0.14482968E+02, -0.11976790E+01, -0.22734948E-03,  0.16262491E-02,  0.14910211E-03
     173.,  0.91769484E+01,  0.14636198E+02, -0.11976790E+01, -0.17461558E-03,  0.17636407E-02,  0.14908484E-03
     174.,  0.88742135E+01,  0.14805982E+02, -0.11976790E+01, -0.11382352E-03,  0.18959139E-02,  0.14906965E-03
     175.,  0.86182289E+01,  0.14981506E+02, -0.11976790E+01, -0.48814067E-04,  0.20181046E-02,  0.14905512E-03
     176.,  0.84042854E+01,  0.15154926E+02, -0.11976790E+01,  0.17114770E-04,  0.21279119E-02,  0.14904099E-03
     177.,  0.82265537E+01,  0.15321204E+02, -0.11976790E+01,  0.81538352E-04,  0.22249030E-02,  0.14903672E-03
     178.,  0.80611286E+01,  0.15497962E+02, -0.11976790E+01,  0.15094705E-03,  0.23204135E-02,  0.14903226E-03
     179.,  0.78886108E+01,  0.15710541E+02, -0.11976790E+01,  0.23515733E-03,  0.24262604E-02,  0.14904292E-03
     180.,  0.77139460E+01,  0.15964688E+02, -0.11976790E+01,  0.33604044E-03,  0.25415455E-02,  0.14909240E-03
     181.,  0.75448220E+01,  0.16265067E+02, -0.11976790E+01,  0.45401791E-03,  0.26641631E-02,  0.14923688E-03
     182.,  0.73918450E+01,  0.16613621E+02, -0.11976790E+01,  0.58635815E-03,  0.27908520E-02,  0.14973448E-03
     183.,  0.72678168E+01,  0.17007574E+02, -0.11976790E+01,  0.72504112E-03,  0.29180774E-02,  0.15098629E-03
     184.,  0.71857075E+01,  0.17437802E+02, -0.11976790E+01,  0.85547869E-03,  0.30438926E-02,  0.15289099E-03
     185.,  0.71555280E+01,  0.17888715E+02, -0.11976790E+01,  0.95845865E-03,  0.31697782E-02,  0.15470852E-03
     186.,  0.71812629E+01,  0.18340460E+02, -0.11976790E+01,  0.10168364E-02,  0.32998721E-02,  0.15513378E-03
     187.,  0.72595040E+01,  0.18773005E+02, -0.11976790E+01,  0.10243357E-02,  0.34365341E-02,  0.15490743E-03
     188.,  0.73806238E+01,  0.19170303E+02, -0.11976790E+01,  0.99039058E-03,  0.35752966E-02,  0.15645901E-03
     189.,  0.75317654E+01,  0.19522686E+02, -0.11976790E+01,  0.93584350E-03,  0.37058987E-02,  0.16037583E-03
     190.,  0.77000203E+01,  0.19826917E+02, -0.11976790E+01,  0.88122749E-03,  0.38183861E-02,  0.16681533E-03
     191.,  0.78745632E+01,  0.20084633E+02, -0.11976790E+01,  0.83814746E-03,  0.39071730E-02,  0.17012632E-03
     192.,  0.80474698E+01,  0.20300348E+02, -0.11976790E+01,  0.80873853E-03,  0.39702502E-02,  0.17088474E-03
     193.,  0.78750147E+01,  0.20814960E+02, -0.11976790E+01,  0.91713908E-03,  0.42352721E-02,  0.44040992E-03
     194.,  0.80750825E+01,  0.21004020E+02, -0.11976790E+01,  0.90771426E-03,  0.42714874E-02,  0.29693002E-03
     195.,  0.83164240E+01,  0.21201620E+02, -0.11976790E+01,  0.95285495E-03,  0.42330692E-02,  0.20898078E-03
     196.,  0.86058599E+01,  0.21402078E+02, -0.11976790E+01,  0.10360865E-02,  0.41092033E-02,  0.17424834E-03
     197.,  0.89489891E+01,  0.21596451E+02, -0.11976790E+01,  0.11488083E-02,  0.38770998E-02,  0.15584416E-03
     198.,  0.93482222E+01,  0.21772294E+02, -0.11976790E+01,  0.12700467E-02,  0.35370859E-02,  0.15157464E-03
     199.,  0.98003546E+01,  0.21914497E+02, -0.11976790E+01,  0.13736497E-02,  0.31402140E-02,  0.15449173E-03
     200.,  0.10294579E+02,  0.22007741E+02, -0.11976790E+01,  0.14351348E-02,  0.28025343E-02,  0.15633268E-03
     201.,  0.10812349E+02,  0.22040299E+02, -0.11976790E+01,  0.14384317E-02,  0.26520213E-02,  0.14371821E-03
     202.,  0.11330119E+02,  0.22007741E+02, -0.11976790E+01,  0.13860238E-02,  0.27122480E-02,  0.14257933E-03
     203.,  0.11824343E+02,  0.21914497E+02, -0.11976790E+01,  0.13040290E-02,  0.28837735E-02,  0.14400815E-03
     204.,  0.12276476E+02,  0.21772294E+02, -0.11976790E+01,  0.12138303E-02,  0.30410545E-02,  0.14095635E-03
     205.,  0.12675709E+02,  0.21596451E+02, -0.11976790E+01,  0.11245234E-02,  0.31139456E-02,  0.12671450E-03
     206.,  0.13018838E+02,  0.21402078E+02, -0.11976790E+01,  0.10314798E-02,  0.30965186E-02,  0.12309964E-03
     207.,  0.13308274E+02,  0.21201620E+02, -0.11976790E+01,  0.93318015E-03,  0.30176925E-02,  0.10390725E-03
     208.,  0.13549615E+02,  0.21004020E+02, -0.11976790E+01,  0.81930952E-03,  0.28991379E-02,  0.12720710E-03
     209.,  0.13749683E+02,  0.20814960E+02, -0.11976790E+01,  0.70643095E-03,  0.27687694E-02,  0.72512405E-04
     210.,  0.13937449E+02,  0.20612164E+02, -0.11976790E+01,  0.58142385E-03,  0.26164731E-02,  0.14510353E-03
     211.,  0.14132883E+02,  0.20368345E+02, -0.11976790E+01,  0.43600070E-03,  0.24381883E-02,  0.14688295E-03
     212.,  0.14330166E+02,  0.20077052E+02, -0.11976790E+01,  0.27248931E-03,  0.22454732E-02,  0.14803366E-03
     213.,  0.14520342E+02,  0.19733186E+02, -0.11976790E+01,  0.98720855E-04,  0.20463484E-02,  0.14486232E-03
     214.,  0.14691175E+02,  0.19334892E+02, -0.11976790E+01, -0.66912296E-04,  0.18605751E-02,  0.14574568E-03
     215.,  0.14828075E+02,  0.18885832E+02, -0.11976790E+01, -0.20569856E-03,  0.17060817E-02,  0.14761036E-03
     216.,  0.14916509E+02,  0.18396933E+02, -0.11976790E+01, -0.30588287E-03,  0.15910181E-02,  0.14803892E-03
     217.,  0.14945597E+02,  0.17886333E+02, -0.11976790E+01, -0.36639219E-03,  0.15102317E-02,  0.14787656E-03
     218.,  0.14911486E+02,  0.17376673E+02, -0.11976790E+01, -0.39438421E-03,  0.14515511E-02,  0.14821543E-03
     219.,  0.14818679E+02,  0.16890393E+02, -0.11976790E+01, -0.40064263E-03,  0.14037771E-02,  0.14859905E-03
     220.,  0.14678492E+02,  0.16445114E+02, -0.11976790E+01, -0.39520101E-03,  0.13607285E-02,  0.14890527E-03
     221.,  0.14505584E+02,  0.16051148E+02, -0.11976790E+01, -0.38523230E-03,  0.13206413E-02,  0.14904697E-03
     222.,  0.14314426E+02,  0.15711634E+02, -0.11976790E+01, -0.37491073E-03,  0.12839133E-02,  0.14910410E-03
     223.,  0.14117005E+02,  0.15424376E+02, -0.11976790E+01, -0.36620584E-03,  0.12513337E-02,  0.14912748E-03
     224.,  0.13922011E+02,  0.15184101E+02, -0.11976790E+01, -0.35974689E-03,  0.12233604E-02,  0.14914152E-03
     225.,  0.13735033E+02,  0.14984315E+02, -0.11976790E+01, -0.35547278E-03,  0.12000108E-02,  0.14914984E-03
     226.,  0.13534146E+02,  0.14796374E+02, -0.11976790E+01, -0.35281967E-03,  0.11785099E-02,  0.14914791E-03
     227.,  0.13292329E+02,  0.14600359E+02, -0.11976790E+01, -0.35201893E-03,  0.11574540E-02,  0.14914915E-03
     228.,  0.13002994E+02,  0.14401968E+02, -0.11976790E+01, -0.35399234E-03,  0.11392188E-02,  0.14915020E-03
     229.,  0.12660817E+02,  0.14210063E+02, -0.11976790E+01, -0.35959394E-03,  0.11277305E-02,  0.14914951E-03
     230.,  0.12263647E+02,  0.14036870E+02, -0.11976790E+01, -0.36912578E-03,  0.11287959E-02,  0.14914831E-03
     231.,  0.11814821E+02,  0.13897109E+02, -0.11976790E+01, -0.38158804E-03,  0.11498372E-02,  0.14914653E-03
     232.,  0.11325022E+02,  0.13805617E+02, -0.11976790E+01, -0.39395074E-03,  0.11984249E-02,  0.14914398E-03
     233.,  0.10812349E+02,  0.13773699E+02, -0.11976790E+01, -0.40111378E-03,  0.12795105E-02,  0.14914060E-03
     234.,  0.10299676E+02,  0.13805617E+02, -0.11976790E+01, -0.39717231E-03,  0.13925533E-02,  0.14913672E-03
     235.,  0.98098764E+01,  0.13897109E+02, -0.11976790E+01, -0.37764193E-03,  0.15306557E-02,  0.14913296E-03
     236.,  0.93610504E+01,  0.14036870E+02, -0.11976790E+01, -0.34122041E-03,  0.16826997E-02,  0.14913016E-03
     237.,  0.89638810E+01,  0.14210063E+02, -0.11976790E+01, -0.28992553E-03,  0.18370727E-02,  0.14912931E-03
     238.,  0.86217043E+01,  0.14401968E+02, -0.11976790E+01, -0.22784357E-03,  0.19846277E-02,  0.14913098E-03
     239.,  0.83323689E+01,  0.14600359E+02, -0.11976790E+01, -0.15956173E-03,  0.21197652E-02,  0.14914057E-03
     240.,  0.80905518E+01,  0.14796374E+02, -0.11976790E+01, -0.89092445E-04,  0.22400385E-02,  0.14915646E-03
     241.,  0.78896645E+01,  0.14984315E+02, -0.11976790E+01, -0.19422677E-04,  0.23451825E-02,  0.14915989E-03
     242.,  0.77026871E+01,  0.15184101E+02, -0.11976790E+01,  0.56304447E-04,  0.24475640E-02,  0.14919828E-03
     243.,  0.75076928E+01,  0.15424376E+02, -0.11976790E+01,  0.14894199E-03,  0.25594577E-02,  0.14925797E-03
     244.,  0.73102719E+01,  0.15711634E+02, -0.11976790E+01,  0.26090362E-03,  0.26791128E-02,  0.14935197E-03
     245.,  0.71191136E+01,  0.16051148E+02, -0.11976790E+01,  0.39327039E-03,  0.28033546E-02,  0.14957767E-03
     246.,  0.69462061E+01,  0.16445114E+02, -0.11976790E+01,  0.54398938E-03,  0.29279294E-02,  0.14987937E-03
     247.,  0.68060189E+01,  0.16890393E+02, -0.11976790E+01,  0.70550039E-03,  0.30488782E-02,  0.15023667E-03
     248.,  0.67132120E+01,  0.17376673E+02, -0.11976790E+01,  0.86291128E-03,  0.31652746E-02,  0.15027999E-03
     249.,  0.66791006E+01,  0.17886333E+02, -0.11976790E+01,  0.99541793E-03,  0.32820864E-02,  0.14904130E-03
     250.,  0.67081884E+01,  0.18396933E+02, -0.11976790E+01,  0.10823182E-02,  0.34093567E-02,  0.14980513E-03
     251.,  0.67966230E+01,  0.18885832E+02, -0.11976790E+01,  0.11119958E-02,  0.35541703E-02,  0.15230076E-03
     252.,  0.69335230E+01,  0.19334892E+02, -0.11976790E+01,  0.10900204E-02,  0.37122711E-02,  0.15167629E-03
     253.,  0.71043560E+01,  0.19733186E+02, -0.11976790E+01,  0.10388707E-02,  0.38658679E-02,  0.15214450E-03
     254.,  0.72945319E+01,  0.20077052E+02, -0.11976790E+01,  0.98690869E-03,  0.39960963E-02,  0.16147431E-03
     255.,  0.74918150E+01,  0.20368345E+02, -0.11976790E+01,  0.95130433E-03,  0.40972688E-02,  0.18966208E-03
     256.,  0.76872487E+01,  0.20612164E+02, -0.11976790E+01,  0.93346229E-03,  0.41748196E-02,  0.25113480E-03
     257.,  0.75364368E+01,  0.21150152E+02, -0.11976790E+01,  0.10124995E-02,  0.45182951E-02, -0.10786770E-02
     258.,  0.77595659E+01,  0.21361005E+02, -0.11976790E+01,  0.10480936E-02,  0.45976657E-02, -0.66153351E-03
     259.,  0.80287260E+01,  0.21581381E+02, -0.11976790E+01,  0.11535591E-02,  0.45802995E-02, -0.26406844E-03
     260.,  0.83515244E+01,  0.21804945E+02, -0.11976790E+01,  0.13128275E-02,  0.44626646E-02, -0.11821847E-03
     261.,  0.87342051E+01,  0.22021724E+02, -0.11976790E+01,  0.14944528E-02,  0.42006095E-02,  0.12674207E-05
     262.,  0.91794566E+01,  0.22217835E+02, -0.11976790E+01,  0.16511794E-02,  0.37726102E-02,  0.73248695E-04
     263.,  0.96837050E+01,  0.22376429E+02, -0.11976790E+01,  0.17527071E-02,  0.32257148E-02,  0.10161750E-03
     264.,  0.10234897E+02,  0.22480421E+02, -0.11976790E+01,  0.17767755E-02,  0.27445617E-02,  0.15077572E-03
     265.,  0.10812349E+02,  0.22516732E+02, -0.11976790E+01,  0.16900765E-02,  0.25716855E-02,  0.24886586E-03
     266.,  0.11389801E+02,  0.22480421E+02, -0.11976790E+01,  0.15209074E-02,  0.27271636E-02,  0.27357726E-03
     267.,  0.11940993E+02,  0.22376429E+02, -0.11976790E+01,  0.13407523E-02,  0.30176645E-02,  0.27490314E-03
     268.,  0.12445241E+02,  0.22217835E+02, -0.11976790E+01,  0.12095414E-02,  0.32460440E-02,  0.31318691E-03
     269.,  0.12890493E+02,  0.22021724E+02, -0.11976790E+01,  0.11161324E-02,  0.33266996E-02,  0.40515912E-03
     270.,  0.13273173E+02,  0.21804945E+02, -0.11976790E+01,  0.10388428E-02,  0.32864990E-02,  0.46929397E-03
     271.,  0.13595972E+02,  0.21581381E+02, -0.11976790E+01,  0.95207767E-03,  0.31582784E-02,  0.52786329E-03
     272.,  0.13865132E+02,  0.21361005E+02, -0.11976790E+01,  0.86940491E-03,  0.30134058E-02,  0.48104831E-03
     273.,  0.14088261E+02,  0.21150152E+02, -0.11976790E+01,  0.73475106E-03,  0.28242013E-02,  0.58146094E-03
     274.,  0.14297670E+02,  0.20923980E+02, -0.11976790E+01,  0.59501199E-03,  0.26256878E-02,  0.30516201E-03
     275.,  0.14515631E+02,  0.20652057E+02, -0.11976790E+01,  0.44151493E-03,  0.24203521E-02,  0.23030823E-03
     276.,  0.14735654E+02,  0.20327188E+02, -0.11976790E+01,  0.26168209E-03,  0.21892287E-02,  0.20871335E-03
     277.,  0.14947751E+02,  0.19943685E+02, -0.11976790E+01,  0.74868777E-04,  0.19574712E-02,  0.20274076E-03
     278.,  0.15138276E+02,  0.19499481E+02, -0.11976790E+01, -0.94885676E-04,  0.17526271E-02,  0.19813147E-03
     279.,  0.15290956E+02,  0.18998659E+02, -0.11976790E+01, -0.22776414E-03,  0.15985852E-02,  0.19562784E-03
     280.,  0.15389584E+02,  0.18453406E+02, -0.11976790E+01, -0.31869197E-03,  0.14979804E-02,  0.18964001E-03
     281.,  0.15422025E+02,  0.17883951E+02, -0.11976790E+01, -0.37201004E-03,  0.14369371E-02,  0.17338342E-03
     282.,  0.15383981E+02,  0.17315544E+02, -0.11976790E+01, -0.39731882E-03,  0.13967502E-02,  0.15732258E-03
     283.,  0.15280477E+02,  0.16773212E+02, -0.11976790E+01, -0.40497157E-03,  0.13635233E-02,  0.15040454E-03
     284.,  0.15124131E+02,  0.16276607E+02, -0.11976790E+01, -0.40315185E-03,  0.13308753E-02,  0.14853113E-03
     285.,  0.14931293E+02,  0.15837230E+02, -0.11976790E+01, -0.39743556E-03,  0.12980189E-02,  0.14818961E-03
     286.,  0.14718100E+02,  0.15458581E+02, -0.11976790E+01, -0.39131808E-03,  0.12662611E-02,  0.14825712E-03
     287.,  0.14497923E+02,  0.15138211E+02, -0.11976790E+01, -0.38660582E-03,  0.12370374E-02,  0.14841435E-03
     288.,  0.14280452E+02,  0.14870241E+02, -0.11976790E+01, -0.38391756E-03,  0.12112756E-02,  0.14853576E-03
     289.,  0.14071923E+02,  0.14647425E+02, -0.11976790E+01, -0.38321127E-03,  0.11893683E-02,  0.14863552E-03
     290.,  0.13847880E+02,  0.14437821E+02, -0.11976790E+01, -0.38442540E-03,  0.11689034E-02,  0.14875518E-03
     291.,  0.13578189E+02,  0.14219212E+02, -0.11976790E+01, -0.38839343E-03,  0.11486478E-02,  0.14886151E-03
     292.,  0.13255503E+02,  0.13997953E+02, -0.11976790E+01, -0.39632424E-03,  0.11310486E-02,  0.14895027E-03
     293.,  0.12873884E+02,  0.13783928E+02, -0.11976790E+01, -0.40936717E-03,  0.11202751E-02,  0.14902557E-03
     294.,  0.12430934E+02,  0.13590771E+02, -0.11976790E+01, -0.42803439E-03,  0.11226913E-02,  0.14908513E-03
     295.,  0.11930373E+02,  0.13434901E+02, -0.11976790E+01, -0.45129077E-03,  0.11466855E-02,  0.14912960E-03
     296.,  0.11384116E+02,  0.13332863E+02, -0.11976790E+01, -0.47558955E-03,  0.12010797E-02,  0.14916624E-03
     297.,  0.10812349E+02,  0.13297266E+02, -0.11976790E+01, -0.49470723E-03,  0.12918781E-02,  0.14921234E-03
     298.,  0.10240582E+02,  0.13332863E+02, -0.11976790E+01, -0.50123609E-03,  0.14187227E-02,  0.14928718E-03
     299.,  0.96943244E+01,  0.13434901E+02, -0.11976790E+01, -0.48938563E-03,  0.15737099E-02,  0.14939506E-03
     300.,  0.91937635E+01,  0.13590771E+02, -0.11976790E+01, -0.45726102E-03,  0.17439176E-02,  0.14951770E-03
     301.,  0.87508135E+01,  0.13783928E+02, -0.11976790E+01, -0.40707376E-03,  0.19159151E-02,  0.14962801E-03
     302.,  0.83691952E+01,  0.13997953E+02, -0.11976790E+01, -0.34358111E-03,  0.20793021E-02,  0.14970821E-03
     303.,  0.80465089E+01,  0.14219212E+02, -0.11976790E+01, -0.27216865E-03,  0.22279015E-02,  0.14974703E-03
     304.,  0.77768183E+01,  0.14437821E+02, -0.11976790E+01, -0.19753145E-03,  0.23591970E-02,  0.14976359E-03
     305.,  0.75527752E+01,  0.14647425E+02, -0.11976790E+01, -0.12318156E-03,  0.24731368E-02,  0.14978642E-03
     306.,  0.73442455E+01,  0.14870241E+02, -0.11976790E+01, -0.41905463E-04,  0.25832195E-02,  0.14964293E-03
     307.,  0.71267748E+01,  0.15138211E+02, -0.11976790E+01,  0.58057429E-04,  0.27024255E-02,  0.14931142E-03
     308.,  0.69065978E+01,  0.15458581E+02, -0.11976790E+01,  0.17967162E-03,  0.28283201E-02,  0.14859420E-03
     309.,  0.66934053E+01,  0.15837230E+02, -0.11976790E+01,  0.32489073E-03,  0.29567621E-02,  0.14673858E-03
     310.,  0.65005672E+01,  0.16276607E+02, -0.11976790E+01,  0.49319210E-03,  0.30822198E-02,  0.14216645E-03
     311.,  0.63442210E+01,  0.16773212E+02, -0.11976790E+01,  0.67862884E-03,  0.31997009E-02,  0.13066790E-03
     312.,  0.62407166E+01,  0.17315544E+02, -0.11976790E+01,  0.86678759E-03,  0.33075187E-02,  0.11359459E-03
     313.,  0.62026732E+01,  0.17883951E+02, -0.11976790E+01,  0.10353756E-02,  0.34115214E-02,  0.10416001E-03
     314.,  0.62351139E+01,  0.18453406E+02, -0.11976790E+01,  0.11609840E-02,  0.35290117E-02,  0.98636089E-04
     315.,  0.63337421E+01,  0.18998659E+02, -0.11976790E+01,  0.12220931E-02,  0.36789450E-02,  0.91310691E-04
     316.,  0.64864221E+01,  0.19499481E+02, -0.11976790E+01,  0.12138671E-02,  0.38596250E-02,  0.82391445E-04
     317.,  0.66769466E+01,  0.19943685E+02, -0.11976790E+01,  0.11603551E-02,  0.40495142E-02,  0.55069931E-04
     318.,  0.68890434E+01,  0.20327188E+02, -0.11976790E+01,  0.10989409E-02,  0.42122922E-02, -0.22035996E-04
     319.,  0.71090668E+01,  0.20652057E+02, -0.11976790E+01,  0.10613231E-02,  0.43218753E-02, -0.17821741E-03
     320.,  0.73270276E+01,  0.20923980E+02, -0.11976790E+01,  0.10506829E-02,  0.43920651E-02, -0.51697505E-03
     321.,  0.71978590E+01,  0.21485344E+02, -0.11976790E+01,  0.10643192E-02,  0.51810960E-02,  0.31883866E-02
     322.,  0.74440493E+01,  0.21717990E+02, -0.11976790E+01,  0.11743897E-02,  0.53316599E-02,  0.22881098E-02
     323.,  0.77410281E+01,  0.21961143E+02, -0.11976790E+01,  0.14737095E-02,  0.52076705E-02,  0.14277911E-02
     324.,  0.80971889E+01,  0.22207813E+02, -0.11976790E+01,  0.17665571E-02,  0.49696381E-02,  0.11725107E-02
     325.,  0.85194211E+01,  0.22446996E+02, -0.11976790E+01,  0.20447347E-02,  0.46450018E-02,  0.72577608E-03
     326.,  0.90106911E+01,  0.22663376E+02, -0.11976790E+01,  0.22591287E-02,  0.41473003E-02,  0.41055439E-03
     327.,  0.95670554E+01,  0.22838361E+02, -0.11976790E+01,  0.23541322E-02,  0.34005661E-02,  0.29416933E-03
     328.,  0.10175215E+02,  0.22953102E+02, -0.11976790E+01,  0.22822037E-02,  0.26755184E-02,  0.10417810E-03
     329.,  0.10812349E+02,  0.22993166E+02, -0.11976790E+01,  0.19824746E-02,  0.25072024E-02, -0.24097550E-03
     330.,  0.11449483E+02,  0.22953102E+02, -0.11976790E+01,  0.15256652E-02,  0.28325175E-02, -0.32737718E-03
     331.,  0.12057642E+02,  0.22838361E+02, -0.11976790E+01,  0.11785620E-02,  0.32759044E-02, -0.33898772E-03
     332.,  0.12614007E+02,  0.22663376E+02, -0.11976790E+01,  0.10197302E-02,  0.35748050E-02, -0.51150780E-03
     333.,  0.13105277E+02,  0.22446996E+02, -0.11976790E+01,  0.98259966E-03,  0.36771398E-02, -0.80131358E-03
     334.,  0.13527509E+02,  0.22207813E+02, -0.11976790E+01,  0.97623897E-03,  0.36247905E-02, -0.10160053E-02
     335.,  0.13883670E+02,  0.21961143E+02, -0.11976790E+01,  0.94136809E-03,  0.34499479E-02, -0.11108632E-02
     336.,  0.14180649E+02,  0.21717990E+02, -0.11976790E+01,  0.89312708E-03,  0.32144077E-02, -0.10539218E-02
     337.,  0.14426839E+02,  0.21485344E+02, -0.11976790E+01,  0.81720780E-03,  0.29554544E-02, -0.12321206E-02
     338.,  0.14657891E+02,  0.21235797E+02, -0.11976790E+01,  0.61956558E-03,  0.26402673E-02, -0.48171871E-03
     339.,  0.14898379E+02,  0.20935769E+02, -0.11976790E+01,  0.45713130E-03,  0.23772459E-02, -0.15518242E-03
     340.,  0.15141143E+02,  0.20577324E+02, -0.11976790E+01,  0.25814050E-03,  0.20991931E-02, -0.62765212E-04
     341.,  0.15375161E+02,  0.20154184E+02, -0.11976790E+01,  0.47997674E-04,  0.18294343E-02, -0.19065836E-04
     342.,  0.15585377E+02,  0.19664070E+02, -0.11976790E+01, -0.12565371E-03,  0.16183728E-02, -0.91791316E-05
     343.,  0.15753837E+02,  0.19111487E+02, -0.11976790E+01, -0.24891713E-03,  0.14840857E-02, -0.19547012E-04
     344.,  0.15862658E+02,  0.18509880E+02, -0.11976790E+01, -0.32755171E-03,  0.14135840E-02, -0.26250339E-05
     345.,  0.15898452E+02,  0.17881568E+02, -0.11976790E+01, -0.37166192E-03,  0.13801631E-02,  0.67311100E-04
     346.,  0.15856477E+02,  0.17254415E+02, -0.11976790E+01, -0.39426785E-03,  0.13595290E-02,  0.12827383E-03
     347.,  0.15742275E+02,  0.16656030E+02, -0.11976790E+01, -0.40480583E-03,  0.13376146E-02,  0.14920143E-03
     348.,  0.15569770E+02,  0.16108099E+02, -0.11976790E+01, -0.40811488E-03,  0.13116626E-02,  0.15329463E-03
     349.,  0.15357001E+02,  0.15623311E+02, -0.11976790E+01, -0.40780066E-03,  0.12832902E-02,  0.15343781E-03
     350.,  0.15121774E+02,  0.15205528E+02, -0.11976790E+01, -0.40671856E-03,  0.12547792E-02,  0.15267874E-03
     351.,  0.14878841E+02,  0.14852047E+02, -0.11976790E+01, -0.40660982E-03,  0.12279394E-02,  0.15188299E-03
     352.,  0.14638894E+02,  0.14556380E+02, -0.11976790E+01, -0.40814208E-03,  0.12038633E-02,  0.15135397E-03
     353.,  0.14408812E+02,  0.14310536E+02, -0.11976790E+01, -0.41130741E-03,  0.11830609E-02,  0.15094421E-03
     354.,  0.14161613E+02,  0.14079268E+02, -0.11976790E+01, -0.41657322E-03,  0.11634300E-02,  0.15050148E-03
     355.,  0.13864049E+02,  0.13838066E+02, -0.11976790E+01, -0.42546538E-03,  0.11438261E-02,  0.15010363E-03
     356.,  0.13508012E+02,  0.13593938E+02, -0.11976790E+01, -0.43949122E-03,  0.11267103E-02,  0.14978198E-03
     357.,  0.13086952E+02,  0.13357793E+02, -0.11976790E+01, -0.46012316E-03,  0.11164077E-02,  0.14951901E-03
     358.,  0.12598221E+02,  0.13144673E+02, -0.11976790E+01, -0.48823206E-03,  0.11197918E-02,  0.14931559E-03
     359.,  0.12045926E+02,  0.12972693E+02, -0.11976790E+01, -0.52296289E-03,  0.11462813E-02,  0.14917130E-03
     360.,  0.11443210E+02,  0.12860108E+02, -0.11976790E+01, -0.56040073E-03,  0.12061983E-02,  0.14906014E-03
     361.,  0.10812349E+02,  0.12820832E+02, -0.11976790E+01, -0.59307908E-03,  0.13069509E-02,  0.14891478E-03
     362.,  0.10181488E+02,  0.12860108E+02, -0.11976790E+01, -0.61167118E-03,  0.14485707E-02,  0.14865482E-03
     363.,  0.95787723E+01,  0.12972693E+02, -0.11976790E+01, -0.60863729E-03,  0.16220339E-02,  0.14825580E-03
     364.,  0.90264766E+01,  0.13144673E+02, -0.11976790E+01, -0.58132606E-03,  0.18122730E-02,  0.14778406E-03
     365.,  0.85377461E+01,  0.13357793E+02, -0.11976790E+01, -0.53228235E-03,  0.20037258E-02,  0.14733991E-03
     366.,  0.81166860E+01,  0.13593938E+02, -0.11976790E+01, -0.46718593E-03,  0.21845964E-02,  0.14699108E-03
     367.,  0.77606489E+01,  0.13838066E+02, -0.11976790E+01, -0.39239385E-03,  0.23481538E-02,  0.14675257E-03
     368.,  0.74630848E+01,  0.14079268E+02, -0.11976790E+01, -0.31342614E-03,  0.24918640E-02,  0.14654037E-03
     369.,  0.72158860E+01,  0.14310536E+02, -0.11976790E+01, -0.23429014E-03,  0.26159193E-02,  0.14631843E-03
     370.,  0.69858039E+01,  0.14556380E+02, -0.11976790E+01, -0.14750984E-03,  0.27352062E-02,  0.14654362E-03
     371.,  0.67458568E+01,  0.14852047E+02, -0.11976790E+01, -0.40421877E-04,  0.28636207E-02,  0.14724290E-03
     372.,  0.65029237E+01,  0.15205528E+02, -0.11976790E+01,  0.90419927E-04,  0.29983660E-02,  0.14906085E-03
     373.,  0.62676969E+01,  0.15623311E+02, -0.11976790E+01,  0.24775338E-03,  0.31345296E-02,  0.15414873E-03
     374.,  0.60549283E+01,  0.16108099E+02, -0.11976790E+01,  0.43272636E-03,  0.32650154E-02,  0.16759401E-03
     375.,  0.58824231E+01,  0.16656030E+02, -0.11976790E+01,  0.64309020E-03,  0.33819560E-02,  0.20769103E-03
     376.,  0.57682211E+01,  0.17254415E+02, -0.11976790E+01,  0.86540487E-03,  0.34814380E-02,  0.27815696E-03
     377.,  0.57262458E+01,  0.17881568E+02, -0.11976790E+01,  0.10724060E-02,  0.35640941E-02,  0.32593350E-03
     378.,  0.57620394E+01,  0.18509880E+02, -0.11976790E+01,  0.12444685E-02,  0.36514955E-02,  0.33562087E-03
     379.,  0.58708612E+01,  0.19111487E+02, -0.11976790E+01,  0.13513248E-02,  0.37876947E-02,  0.34776344E-03
     380.,  0.60393212E+01,  0.19664070E+02, -0.11976790E+01,  0.13565331E-02,  0.39920943E-02,  0.37771562E-03
     381.,  0.62495371E+01,  0.20154184E+02, -0.11976790E+01,  0.12931219E-02,  0.42220951E-02,  0.49540373E-03
     382.,  0.64835550E+01,  0.20577324E+02, -0.11976790E+01,  0.12060952E-02,  0.44478825E-02,  0.86120223E-03
     383.,  0.67263186E+01,  0.20935769E+02, -0.11976790E+01,  0.11316334E-02,  0.46692712E-02,  0.12905234E-02
     384.,  0.69668064E+01,  0.21235797E+02, -0.11976790E+01,  0.11193927E-02,  0.48926345E-02,  0.20783686E-02
     385.,  0.68592811E+01,  0.21820536E+02, -0.11976790E+01,  0.13100007E-02,  0.74735262E-02, -0.49017885E-02
     386.,  0.71285326E+01,  0.22074974E+02, -0.11976790E+01,  0.18648740E-02,  0.73555812E-02, -0.34289237E-02
     387.,  0.74533302E+01,  0.22340904E+02, -0.11976790E+01,  0.23969492E-02,  0.71809169E-02, -0.21456146E-02
     388.,  0.78428534E+01,  0.22610680E+02, -0.11976790E+01,  0.29209501E-02,  0.65039113E-02, -0.18732057E-02
     389.,  0.83046371E+01,  0.22872268E+02, -0.11976790E+01,  0.31966199E-02,  0.57090604E-02, -0.98790112E-03
     390.,  0.88419255E+01,  0.23108917E+02, -0.11976790E+01,  0.32981579E-02,  0.47817217E-02, -0.32207223E-03
     391.,  0.94504058E+01,  0.23300294E+02, -0.11976790E+01,  0.33090029E-02,  0.37395202E-02, -0.56470295E-04
     392.,  0.10115533E+02,  0.23425782E+02, -0.11976790E+01,  0.30904516E-02,  0.26093291E-02,  0.33668704E-03
     393.,  0.10812349E+02,  0.23469599E+02, -0.11976790E+01,  0.24117711E-02,  0.24369492E-02,  0.10054415E-02
     394.,  0.11509165E+02,  0.23425782E+02, -0.11976790E+01,  0.12697720E-02,  0.33350874E-02,  0.11464816E-02
     395.,  0.12174292E+02,  0.23300294E+02, -0.11976790E+01,  0.55304375E-03,  0.40301306E-02,  0.12144074E-02
     396.,  0.12782772E+02,  0.23108917E+02, -0.11976790E+01,  0.33635624E-03,  0.45159692E-02,  0.14780619E-02
     397.,  0.13320061E+02,  0.22872268E+02, -0.11976790E+01,  0.45105833E-03,  0.48537126E-02,  0.20382418E-02
     398.,  0.13781845E+02,  0.22610680E+02, -0.11976790E+01,  0.67237553E-03,  0.48180045E-02,  0.24776697E-02
     399.,  0.14171368E+02,  0.22340904E+02, -0.11976790E+01,  0.80836891E-03,  0.45207750E-02,  0.25082498E-02
     400.,  0.14496165E+02,  0.22074974E+02, -0.11976790E+01,  0.80654695E-03,  0.39299481E-02,  0.23878586E-02
     401.,  0.14765417E+02,  0.21820536E+02, -0.11976790E+01,  0.86284618E-03,  0.35922553E-02,  0.27018497E-02
     402.,  0.15018113E+02,  0.21547613E+02, -0.11976790E+01,  0.67201790E-03,  0.27127789E-02,  0.13359071E-02
     403.,  0.15281127E+02,  0.21219481E+02, -0.11976790E+01,  0.53861430E-03,  0.22892027E-02,  0.71474372E-03
     404.,  0.15546631E+02,  0.20827459E+02, -0.11976790E+01,  0.28101450E-03,  0.19273501E-02,  0.51638237E-03
     405.,  0.15802570E+02,  0.20364683E+02, -0.11976790E+01,  0.33932775E-04,  0.16443552E-02,  0.33828839E-03
     406.,  0.16032478E+02,  0.19828659E+02, -0.11976790E+01, -0.15188295E-03,  0.14572309E-02,  0.35184928E-03
     407.,  0.16216718E+02,  0.19224314E+02, -0.11976790E+01, -0.26042996E-03,  0.13683601E-02,  0.44117648E-03
     408.,  0.16335733E+02,  0.18566353E+02, -0.11976790E+01, -0.32831483E-03,  0.13490158E-02,  0.42127227E-03
     409.,  0.16374879E+02,  0.17879186E+02, -0.11976790E+01, -0.36402540E-03,  0.13522481E-02,  0.25924030E-03
     410.,  0.16328972E+02,  0.17193286E+02, -0.11976790E+01, -0.38677739E-03,  0.13467534E-02,  0.15841481E-03
     411.,  0.16204073E+02,  0.16538849E+02, -0.11976790E+01, -0.40233016E-03,  0.13295712E-02,  0.13975754E-03
     412.,  0.16015409E+02,  0.15939592E+02, -0.11976790E+01, -0.41175471E-03,  0.13055988E-02,  0.13735466E-03
     413.,  0.15782709E+02,  0.15409393E+02, -0.11976790E+01, -0.41712968E-03,  0.12788320E-02,  0.14046727E-03
     414.,  0.15525448E+02,  0.14952475E+02, -0.11976790E+01, -0.42115014E-03,  0.12518737E-02,  0.14266215E-03
     415.,  0.15259759E+02,  0.14565882E+02, -0.11976790E+01, -0.42563473E-03,  0.12264034E-02,  0.14445694E-03
     416.,  0.14997336E+02,  0.14242520E+02, -0.11976790E+01, -0.43140290E-03,  0.12034755E-02,  0.14551975E-03
     417.,  0.14745701E+02,  0.13973647E+02, -0.11976790E+01, -0.43832525E-03,  0.11834549E-02,  0.14626002E-03
     418.,  0.14475347E+02,  0.13720716E+02, -0.11976790E+01, -0.44754972E-03,  0.11641944E-02,  0.14702856E-03
     419.,  0.14149909E+02,  0.13456919E+02, -0.11976790E+01, -0.46132397E-03,  0.11449096E-02,  0.14770295E-03
     420.,  0.13760521E+02,  0.13189924E+02, -0.11976790E+01, -0.48137478E-03,  0.11278939E-02,  0.14822042E-03
     421.,  0.13300019E+02,  0.12931658E+02, -0.11976790E+01, -0.50965113E-03,  0.11175566E-02,  0.14862881E-03
     422.,  0.12765508E+02,  0.12698574E+02, -0.11976790E+01, -0.54765089E-03,  0.11212323E-02,  0.14893308E-03
     423.,  0.12161478E+02,  0.12510484E+02, -0.11976790E+01, -0.59509904E-03,  0.11494736E-02,  0.14912662E-03
     424.,  0.11502305E+02,  0.12387354E+02, -0.11976790E+01, -0.64802050E-03,  0.12144436E-02,  0.14925003E-03
     425.,  0.10812349E+02,  0.12344399E+02, -0.11976790E+01, -0.69749631E-03,  0.13254366E-02,  0.14942442E-03
     426.,  0.10122393E+02,  0.12387354E+02, -0.11976790E+01, -0.73141591E-03,  0.14831579E-02,  0.14980877E-03
     427.,  0.94632203E+01,  0.12510484E+02, -0.11976790E+01, -0.73954315E-03,  0.16772846E-02,  0.15046624E-03
     428.,  0.88591897E+01,  0.12698574E+02, -0.11976790E+01, -0.71811989E-03,  0.18901101E-02,  0.15128615E-03
     429.,  0.83246786E+01,  0.12931658E+02, -0.11976790E+01, -0.67028528E-03,  0.21034911E-02,  0.15209037E-03
     430.,  0.78641768E+01,  0.13189924E+02, -0.11976790E+01, -0.60309098E-03,  0.23040360E-02,  0.15276959E-03
     431.,  0.74747889E+01,  0.13456919E+02, -0.11976790E+01, -0.52423434E-03,  0.24844498E-02,  0.15334006E-03
     432.,  0.71493512E+01,  0.13720716E+02, -0.11976790E+01, -0.44015226E-03,  0.26423636E-02,  0.15394460E-03
     433.,  0.68789968E+01,  0.13973647E+02, -0.11976790E+01, -0.35571230E-03,  0.27782116E-02,  0.15470401E-03
     434.,  0.66273623E+01,  0.14242520E+02, -0.11976790E+01, -0.26276387E-03,  0.29081386E-02,  0.15492283E-03
     435.,  0.63649388E+01,  0.14565882E+02, -0.11976790E+01, -0.14788532E-03,  0.30478483E-02,  0.15483209E-03
     436.,  0.60992496E+01,  0.14952475E+02, -0.11976790E+01, -0.73393420E-05,  0.31943330E-02,  0.15387670E-03
     437.,  0.58419885E+01,  0.15409393E+02, -0.11976790E+01,  0.16219890E-03,  0.33423050E-02,  0.14961153E-03
     438.,  0.56092894E+01,  0.15939592E+02, -0.11976790E+01,  0.36316145E-03,  0.34838584E-02,  0.13411185E-03
     439.,  0.54206252E+01,  0.16538849E+02, -0.11976790E+01,  0.59681632E-03,  0.36079388E-02,  0.82255144E-04
     440.,  0.52957257E+01,  0.17193286E+02, -0.11976790E+01,  0.85701507E-03,  0.36999568E-02, -0.58189996E-04
     441.,  0.52498185E+01,  0.17879186E+02, -0.11976790E+01,  0.10984766E-02,  0.37478074E-02, -0.19632648E-03
     442.,  0.52889649E+01,  0.18566353E+02, -0.11976790E+01,  0.13200903E-02,  0.37823009E-02, -0.18754634E-03
     443.,  0.54079803E+01,  0.19224314E+02, -0.11976790E+01,  0.14960160E-02,  0.38677724E-02, -0.13634717E-03
     444.,  0.55922204E+01,  0.19828659E+02, -0.11976790E+01,  0.15318019E-02,  0.40719008E-02, -0.21666037E-03
     445.,  0.58221277E+01,  0.20364683E+02, -0.11976790E+01,  0.14884316E-02,  0.44159837E-02, -0.45547318E-03
     446.,  0.60780666E+01,  0.20827459E+02, -0.11976790E+01,  0.13965850E-02,  0.50192658E-02, -0.12940999E-02
     447.,  0.63435704E+01,  0.21219481E+02, -0.11976790E+01,  0.13198157E-02,  0.57892916E-02, -0.19707053E-02
     448.,  0.66065853E+01,  0.21547613E+02, -0.11976790E+01,  0.14531929E-02,  0.65549160E-02, -0.31338226E-02
     449.,  0.62681257E+01,  0.22405780E+02, -0.11976790E+01,  0.37816766E-01, -0.14456129E-01, -0.28424250E+00
     450.,  0.66487520E+01,  0.22617812E+02, -0.11976790E+01,  0.31185601E-01, -0.63843728E-02, -0.23667515E+00
     451.,  0.70756666E+01,  0.22839420E+02, -0.11976790E+01,  0.26001273E-01, -0.14648244E-02, -0.18967549E+00
     452.,  0.75565193E+01,  0.23064233E+02, -0.11976790E+01,  0.20963495E-01,  0.26938212E-02, -0.13927450E+00
     453.,  0.80975891E+01,  0.23282223E+02, -0.11976790E+01,  0.15587346E-01,  0.56875578E-02, -0.90315479E-01
     454.,  0.87015794E+01,  0.23479431E+02, -0.11976790E+01,  0.10248235E-01,  0.57387402E-02, -0.47439609E-01
     455.,  0.93648963E+01,  0.23638911E+02, -0.11976790E+01,  0.62763618E-02,  0.37661593E-02, -0.19064847E-01
     456.,  0.10075419E+02,  0.23743485E+02, -0.11976790E+01,  0.42262702E-02,  0.22239449E-02, -0.25701012E-02
     457.,  0.10812349E+02,  0.23779999E+02, -0.11976790E+01,  0.30651428E-02,  0.20774503E-02,  0.12281155E-01
     458.,  0.11549279E+02,  0.23743485E+02, -0.11976790E+01,  0.11987425E-03,  0.43268620E-02,  0.26357733E-01
     459.,  0.12259802E+02,  0.23638911E+02, -0.11976790E+01, -0.36192808E-02,  0.48757936E-02,  0.41346532E-01
     460.,  0.12923118E+02,  0.23479431E+02, -0.11976790E+01, -0.60017361E-02,  0.37492573E-02,  0.67028570E-01
     461.,  0.13527109E+02,  0.23282223E+02, -0.11976790E+01, -0.78143200E-02,  0.14860160E-02,  0.10310110E+00
     462.,  0.14068179E+02,  0.23064233E+02, -0.11976790E+01, -0.10225934E-01, -0.20629107E-02,  0.14092719E+00
     463.,  0.14549031E+02,  0.22839420E+02, -0.11976790E+01, -0.13087041E-01, -0.66168647E-02,  0.17424507E+00
     464.,  0.14975946E+02,  0.22617812E+02, -0.11976790E+01, -0.16036223E-01, -0.11219552E-01,  0.20165324E+00
     465.,  0.15356572E+02,  0.22405780E+02, -0.11976790E+01, -0.19202653E-01, -0.16499614E-01,  0.22492142E+00
     466.,  0.15567152E+02,  0.22022875E+02, -0.11976790E+01, -0.98107355E-02, -0.60094300E-02,  0.15006387E+00
     467.,  0.15786331E+02,  0.21593963E+02, -0.11976790E+01, -0.43658936E-02, -0.10891918E-02,  0.90298662E-01
     468.,  0.16007584E+02,  0.21111810E+02, -0.11976790E+01, -0.14484782E-02,  0.81878224E-03,  0.46087681E-01
     469.,  0.16220867E+02,  0.20570694E+02, -0.11976790E+01, -0.52990644E-03,  0.11503823E-02,  0.20840908E-01
     470.,  0.16412456E+02,  0.19968538E+02, -0.11976790E+01, -0.39836996E-03,  0.11735118E-02,  0.97984703E-02
     471.,  0.16565989E+02,  0.19309449E+02, -0.11976790E+01, -0.33453507E-03,  0.12573527E-02,  0.53222959E-02
     472.,  0.16665169E+02,  0.18605679E+02, -0.11976790E+01, -0.32274106E-03,  0.13252592E-02,  0.28542794E-02
     473.,  0.16697791E+02,  0.17877572E+02, -0.11976790E+01, -0.35700787E-03,  0.13531361E-02,  0.12651267E-02
     474.,  0.16659535E+02,  0.17150519E+02, -0.11976790E+01, -0.38042545E-03,  0.13498119E-02,  0.44916464E-03
     475.,  0.16555452E+02,  0.16449687E+02, -0.11976790E+01, -0.40066176E-03,  0.13307190E-02,  0.16764913E-03
     476.,  0.16398232E+02,  0.15794837E+02, -0.11976790E+01, -0.41545554E-03,  0.13051230E-02,  0.85693974E-04
     477.,  0.16204316E+02,  0.15197536E+02, -0.11976790E+01, -0.42674007E-03,  0.12780397E-02,  0.64899980E-04
     478.,  0.15989932E+02,  0.14661302E+02, -0.11976790E+01, -0.43760642E-03,  0.12518160E-02,  0.61634289E-04
     479.,  0.15768524E+02,  0.14183672E+02, -0.11976790E+01, -0.45008205E-03,  0.12277198E-02,  0.62323025E-04
     480.,  0.15549838E+02,  0.13758735E+02, -0.11976790E+01, -0.46483710E-03,  0.12065571E-02,  0.63502189E-04
     481.,  0.15340142E+02,  0.13379206E+02, -0.11976790E+01, -0.48237504E-03,  0.11887997E-02,  0.63651800E-04
     482.,  0.14958597E+02,  0.13168430E+02, -0.11976790E+01, -0.49143103E-03,  0.11702310E-02,  0.93608360E-04
     483.,  0.14531149E+02,  0.12948599E+02, -0.11976790E+01, -0.50507166E-03,  0.11508798E-02,  0.11545195E-03
     484.,  0.14050409E+02,  0.12726103E+02, -0.11976790E+01, -0.52535959E-03,  0.11331724E-02,  0.13046453E-03
     485.,  0.13510408E+02,  0.12510882E+02, -0.11976790E+01, -0.55472753E-03,  0.11217925E-02,  0.14006008E-03
     486.,  0.12908732E+02,  0.12316645E+02, -0.11976790E+01, -0.59535706E-03,  0.11246729E-02,  0.14565560E-03
     487.,  0.12249123E+02,  0.12159903E+02, -0.11976790E+01, -0.64779245E-03,  0.11533113E-02,  0.14861095E-03
     488.,  0.11543562E+02,  0.12057295E+02, -0.11976790E+01, -0.70882043E-03,  0.12211100E-02,  0.15032420E-03
     489.,  0.10812349E+02,  0.12021499E+02, -0.11976790E+01, -0.76993983E-03,  0.13388021E-02,  0.15233373E-03
     490.,  0.10081136E+02,  0.12057295E+02, -0.11976790E+01, -0.81889071E-03,  0.15085996E-02,  0.15630092E-03
     491.,  0.93755751E+01,  0.12159903E+02, -0.11976790E+01, -0.84473620E-03,  0.17214921E-02,  0.16369663E-03
     492.,  0.87159662E+01,  0.12316645E+02, -0.11976790E+01, -0.84273082E-03,  0.19605202E-02,  0.17523913E-03
     493.,  0.81142903E+01,  0.12510882E+02, -0.11976790E+01, -0.81505478E-03,  0.22074984E-02,  0.19058843E-03
     494.,  0.75742889E+01,  0.12726103E+02, -0.11976790E+01, -0.76800925E-03,  0.24483361E-02,  0.20847011E-03
     495.,  0.70935489E+01,  0.12948599E+02, -0.11976790E+01, -0.70876238E-03,  0.26747884E-02,  0.22667031E-03
     496.,  0.66661008E+01,  0.13168430E+02, -0.11976790E+01, -0.64345609E-03,  0.28835276E-02,  0.24164538E-03
     497.,  0.62845555E+01,  0.13379206E+02, -0.11976790E+01, -0.57635007E-03,  0.30748447E-02,  0.24774871E-03
     498.,  0.60748601E+01,  0.13758735E+02, -0.11976790E+01, -0.44460590E-03,  0.31847625E-02,  0.21249432E-03
     499.,  0.58561738E+01,  0.14183672E+02, -0.11976790E+01, -0.29405078E-03,  0.33039975E-02,  0.16956315E-03
     500.,  0.56347661E+01,  0.14661302E+02, -0.11976790E+01, -0.12161855E-03,  0.34304023E-02,  0.10639556E-03
     501.,  0.54203819E+01,  0.15197536E+02, -0.11976790E+01,  0.75643346E-04,  0.35601663E-02, -0.64777585E-05
     502.,  0.52264660E+01,  0.15794837E+02, -0.11976790E+01,  0.30094155E-03,  0.36870101E-02, -0.23865527E-03
     503.,  0.50692458E+01,  0.16449687E+02, -0.11976790E+01,  0.55775257E-03,  0.38011273E-02, -0.77469026E-03
     504.,  0.49651629E+01,  0.17150519E+02, -0.11976790E+01,  0.84813817E-03,  0.38856182E-02, -0.18638386E-02
     505.,  0.49269069E+01,  0.17877572E+02, -0.11976790E+01,  0.11325954E-02,  0.39317095E-02, -0.38117744E-02
     506.,  0.49595289E+01,  0.18605679E+02, -0.11976790E+01,  0.15048097E-02,  0.39379544E-02, -0.72824606E-02
     507.,  0.50587084E+01,  0.19309449E+02, -0.11976790E+01,  0.20991764E-02,  0.39291232E-02, -0.13919268E-01
     508.,  0.52122418E+01,  0.19968538E+02, -0.11976790E+01,  0.31550993E-02,  0.40662302E-02, -0.28241865E-01
     509.,  0.54038312E+01,  0.20570694E+02, -0.11976790E+01,  0.54885808E-02,  0.41958380E-02, -0.56816094E-01
     510.,  0.56171136E+01,  0.21111810E+02, -0.11976790E+01,  0.96230886E-02,  0.34763261E-02, -0.10030171E+00
     511.,  0.58383669E+01,  0.21593963E+02, -0.11976790E+01,  0.15484167E-01,  0.11131952E-02, -0.15409702E+00
     512.,  0.60575459E+01,  0.22022875E+02, -0.11976790E+01,  0.23736664E-01, -0.39851767E-02, -0.21454394E+00
     513.,  0.56769704E+01,  0.22991024E+02, -0.11976790E+01,  0.13462961E+00, -0.11567868E+00, -0.74604575E+00
     514.,  0.61689714E+01,  0.23160649E+02, -0.11976790E+01,  0.11715856E+00, -0.97350920E-01, -0.64465999E+00
     515.,  0.66980031E+01,  0.23337936E+02, -0.11976790E+01,  0.97172341E-01, -0.76146960E-01, -0.53297482E+00
     516.,  0.72701852E+01,  0.23517786E+02, -0.11976790E+01,  0.74559721E-01, -0.50834218E-01, -0.41274960E+00
     517.,  0.78905411E+01,  0.23692179E+02, -0.11976790E+01,  0.50347599E-01, -0.24195398E-01, -0.28816936E+00
     518.,  0.85612333E+01,  0.23849944E+02, -0.11976790E+01,  0.29867801E-01, -0.51685412E-02, -0.17140418E+00
     519.,  0.92793868E+01,  0.23977529E+02, -0.11976790E+01,  0.15279522E-01,  0.17760073E-02, -0.78459214E-01
     520.,  0.10035305E+02,  0.24061188E+02, -0.11976790E+01,  0.71792837E-02,  0.18657491E-02, -0.15603114E-01
     521.,  0.10812349E+02,  0.24090399E+02, -0.11976790E+01,  0.30241682E-02,  0.17414488E-02,  0.36508161E-01
     522.,  0.11589393E+02,  0.24061188E+02, -0.11976790E+01, -0.36659284E-02,  0.23087749E-02,  0.84742648E-01
     523.,  0.12345311E+02,  0.23977529E+02, -0.11976790E+01, -0.13078592E-01, -0.39614004E-02,  0.13586556E+00
     524.,  0.13063465E+02,  0.23849944E+02, -0.11976790E+01, -0.23104323E-01, -0.17781510E-01,  0.21137763E+00
     525.,  0.13734157E+02,  0.23692179E+02, -0.11976790E+01, -0.35757214E-01, -0.36622204E-01,  0.30768363E+00
     526.,  0.14354513E+02,  0.23517786E+02, -0.11976790E+01, -0.49849098E-01, -0.57586037E-01,  0.40404350E+00
     527.,  0.14926695E+02,  0.23337936E+02, -0.11976790E+01, -0.63659049E-01, -0.77741156E-01,  0.49379988E+00
     528.,  0.15455726E+02,  0.23160649E+02, -0.11976790E+01, -0.75891247E-01, -0.95102430E-01,  0.57346643E+00
     529.,  0.15947728E+02,  0.22991024E+02, -0.11976790E+01, -0.86338432E-01, -0.10936667E+00,  0.64428968E+00
     530.,  0.16116191E+02,  0.22498138E+02, -0.11976790E+01, -0.56680561E-01, -0.67629018E-01,  0.47510584E+00
     531.,  0.16291535E+02,  0.21968445E+02, -0.11976790E+01, -0.30088664E-01, -0.32045317E-01,  0.31101884E+00
     532.,  0.16468537E+02,  0.21396160E+02, -0.11976790E+01, -0.12090608E-01, -0.10207296E-01,  0.17419292E+00
     533.,  0.16639163E+02,  0.20776705E+02, -0.11976790E+01, -0.37171599E-02, -0.15907688E-02,  0.82497406E-01
     534.,  0.16792435E+02,  0.20108418E+02, -0.11976790E+01, -0.12140991E-02,  0.54591303E-03,  0.36377817E-01
     535.,  0.16915261E+02,  0.19394584E+02, -0.11976790E+01, -0.50809105E-03,  0.11416452E-02,  0.16649522E-01
     536.,  0.16994605E+02,  0.18645006E+02, -0.11976790E+01, -0.32898480E-03,  0.13298089E-02,  0.75777368E-02
     537.,  0.17020703E+02,  0.17875957E+02, -0.11976790E+01, -0.35253628E-03,  0.13665054E-02,  0.30932479E-02
     538.,  0.16990098E+02,  0.17107753E+02, -0.11976790E+01, -0.37562136E-03,  0.13575505E-02,  0.10616806E-02
     539.,  0.16906831E+02,  0.16360524E+02, -0.11976790E+01, -0.40093141E-03,  0.13317101E-02,  0.29854788E-03
     540.,  0.16781055E+02,  0.15650082E+02, -0.11976790E+01, -0.42088660E-03,  0.13026347E-02,  0.47017480E-04
     541.,  0.16625923E+02,  0.14985678E+02, -0.11976790E+01, -0.43760639E-03,  0.12743356E-02, -0.35799657E-04
     542.,  0.16454415E+02,  0.14370129E+02, -0.11976790E+01, -0.45464495E-03,  0.12482577E-02, -0.63152454E-04
     543.,  0.16277289E+02,  0.13801463E+02, -0.11976790E+01, -0.47347905E-03,  0.12257170E-02, -0.72570805E-04
     544.,  0.16102340E+02,  0.13274951E+02, -0.11976790E+01, -0.49482915E-03,  0.12070305E-02, -0.77054802E-04
     545.,  0.15934584E+02,  0.12784764E+02, -0.11976790E+01, -0.51788699E-03,  0.11924646E-02, -0.80011958E-04
     546.,  0.15441847E+02,  0.12616144E+02, -0.11976790E+01, -0.52659316E-03,  0.11764542E-02, -0.66283341E-05
     547.,  0.14912389E+02,  0.12440279E+02, -0.11976790E+01, -0.54022370E-03,  0.11579324E-02,  0.52210126E-04
     548.,  0.14340297E+02,  0.12262282E+02, -0.11976790E+01, -0.56117964E-03,  0.11397356E-02,  0.94733510E-04
     549.,  0.13720796E+02,  0.12090105E+02, -0.11976790E+01, -0.59238250E-03,  0.11270636E-02,  0.12254718E-03
     550.,  0.13051955E+02,  0.11934716E+02, -0.11976790E+01, -0.63673167E-03,  0.11286604E-02,  0.13881880E-03
     551.,  0.12336768E+02,  0.11809323E+02, -0.11976790E+01, -0.69560786E-03,  0.11571651E-02,  0.14738544E-03
     552.,  0.11584819E+02,  0.11727236E+02, -0.11976790E+01, -0.76650586E-03,  0.12273592E-02,  0.15232990E-03
     553.,  0.10812349E+02,  0.11698599E+02, -0.11976790E+01, -0.84121718E-03,  0.13514792E-02,  0.15790581E-03
     554.,  0.10039879E+02,  0.11727236E+02, -0.11976790E+01, -0.90716355E-03,  0.15332492E-02,  0.16858527E-03
     555.,  0.92879298E+01,  0.11809323E+02, -0.11976790E+01, -0.95249303E-03,  0.17649301E-02,  0.18857885E-03
     556.,  0.85727428E+01,  0.11934716E+02, -0.11976790E+01, -0.97122895E-03,  0.20301928E-02,  0.22032520E-03
     557.,  0.79039020E+01,  0.12090105E+02, -0.11976790E+01, -0.96439828E-03,  0.23105691E-02,  0.26286015E-03
     558.,  0.72844009E+01,  0.12262282E+02, -0.11976790E+01, -0.93744817E-03,  0.25909015E-02,  0.31102583E-03
     559.,  0.67123089E+01,  0.12440279E+02, -0.11976790E+01, -0.89696266E-03,  0.28614726E-02,  0.35490316E-03
     560.,  0.61828505E+01,  0.12616144E+02, -0.11976790E+01, -0.84859488E-03,  0.31175771E-02,  0.37817985E-03
     561.,  0.56901142E+01,  0.12784764E+02, -0.11976790E+01, -0.79642989E-03,  0.33574220E-02,  0.35537297E-03
     562.,  0.55223579E+01,  0.13274951E+02, -0.11976790E+01, -0.62226087E-03,  0.34474036E-02,  0.24950867E-03
     563.,  0.53474089E+01,  0.13801463E+02, -0.11976790E+01, -0.43444915E-03,  0.35470358E-02,  0.11654361E-03
     564.,  0.51702827E+01,  0.14370129E+02, -0.11976790E+01, -0.23020933E-03,  0.36552751E-02, -0.75443445E-04
     565.,  0.49987753E+01,  0.14985678E+02, -0.11976790E+01, -0.60980901E-05,  0.37696577E-02, -0.39952810E-03
     566.,  0.48436426E+01,  0.15650082E+02, -0.11976790E+01,  0.24202397E-03,  0.38863009E-02, -0.10326319E-02
     567.,  0.47178665E+01,  0.16360524E+02, -0.11976790E+01,  0.52217869E-03,  0.39976742E-02, -0.23809918E-02
     568.,  0.46346001E+01,  0.17107753E+02, -0.11976790E+01,  0.84536169E-03,  0.40902947E-02, -0.51709333E-02
     569.,  0.46039953E+01,  0.17875957E+02, -0.11976790E+01,  0.11913654E-02,  0.41543224E-02, -0.11075485E-01
     570.,  0.46300929E+01,  0.18645006E+02, -0.11976790E+01,  0.19259322E-02,  0.40877991E-02, -0.23435593E-01
     571.,  0.47094365E+01,  0.19394584E+02, -0.11976790E+01,  0.39086865E-02,  0.35310808E-02, -0.48613151E-01
     572.,  0.48322632E+01,  0.20108418E+02, -0.11976790E+01,  0.91469532E-02,  0.11733317E-02, -0.10004946E+00
     573.,  0.49855348E+01,  0.20776705E+02, -0.11976790E+01,  0.21471544E-01, -0.67545045E-02, -0.18987500E+00
     574.,  0.51561607E+01,  0.21396160E+02, -0.11976790E+01,  0.42410120E-01, -0.23805877E-01, -0.31237702E+00
     575.,  0.53331633E+01,  0.21968445E+02, -0.11976790E+01,  0.69665015E-01, -0.49041024E-01, -0.45225527E+00
     576.,  0.55085065E+01,  0.22498138E+02, -0.11976790E+01,  0.10152538E+00, -0.80691024E-01, -0.59971617E+00
     577.,  0.50858150E+01,  0.23576268E+02, -0.11976790E+01,  0.22436239E+00, -0.21005420E+00, -0.11931828E+01
     578.,  0.56891908E+01,  0.23703487E+02, -0.11976790E+01,  0.19824031E+00, -0.18334796E+00, -0.10409828E+01
     579.,  0.63203396E+01,  0.23836451E+02, -0.11976790E+01,  0.16994893E+00, -0.15334942E+00, -0.88062557E+00
     580.,  0.69838512E+01,  0.23971339E+02, -0.11976790E+01,  0.13658007E+00, -0.11606811E+00, -0.70764855E+00
     581.,  0.76834930E+01,  0.24102134E+02, -0.11976790E+01,  0.98835578E-01, -0.71846356E-01, -0.52552356E+00
     582.,  0.84208872E+01,  0.24220458E+02, -0.11976790E+01,  0.61930367E-01, -0.31911534E-01, -0.34140530E+00
     583.,  0.91938774E+01,  0.24316146E+02, -0.11976790E+01,  0.33249893E-01, -0.66913482E-02, -0.17872261E+00
     584.,  0.99951909E+01,  0.24378891E+02, -0.11976790E+01,  0.13602146E-01,  0.15702029E-02, -0.45807780E-01
     585.,  0.10812349E+02,  0.24400799E+02, -0.11976790E+01,  0.20433672E-02,  0.13801297E-02,  0.67196874E-01
     586.,  0.11629507E+02,  0.24378891E+02, -0.11976790E+01, -0.11548498E-01, -0.19132092E-02,  0.16470655E+00
     587.,  0.12430821E+02,  0.24316146E+02, -0.11976790E+01, -0.29323108E-01, -0.21649306E-01,  0.26092914E+00
     588.,  0.13203811E+02,  0.24220458E+02, -0.11976790E+01, -0.48492233E-01, -0.52047373E-01,  0.38845695E+00
     589.,  0.13941205E+02,  0.24102134E+02, -0.11976790E+01, -0.69865611E-01, -0.85296363E-01,  0.53361745E+00
     590.,  0.14640847E+02,  0.23971339E+02, -0.11976790E+01, -0.94010120E-01, -0.12106512E+00,  0.68210221E+00
     591.,  0.15304358E+02,  0.23836451E+02, -0.11976790E+01, -0.11868771E+00, -0.15607831E+00,  0.82690236E+00
     592.,  0.15935507E+02,  0.23703487E+02, -0.11976790E+01, -0.14260726E+00, -0.18941155E+00,  0.96570747E+00
     593.,  0.16538883E+02,  0.23576268E+02, -0.11976790E+01, -0.16355973E+00, -0.21880504E+00,  0.10934814E+01
     594.,  0.16665231E+02,  0.22973400E+02, -0.11976790E+01, -0.11796609E+00, -0.15341169E+00,  0.84675360E+00
     595.,  0.16796738E+02,  0.22342928E+02, -0.11976790E+01, -0.73086497E-01, -0.89847311E-01,  0.59759628E+00
     596.,  0.16929490E+02,  0.21680510E+02, -0.11976790E+01, -0.34942530E-01, -0.38195450E-01,  0.36504313E+00
     597.,  0.17057460E+02,  0.20982716E+02, -0.11976790E+01, -0.12022864E-01, -0.10151969E-01,  0.18608993E+00
     598.,  0.17172413E+02,  0.20248298E+02, -0.11976790E+01, -0.31949997E-02, -0.98529270E-03,  0.81304991E-01
     599.,  0.17264533E+02,  0.19479719E+02, -0.11976790E+01, -0.81022270E-03,  0.10344136E-02,  0.33642667E-01
     600.,  0.17324041E+02,  0.18684332E+02, -0.11976790E+01, -0.35589237E-03,  0.13821494E-02,  0.13845447E-01
     601.,  0.17343614E+02,  0.17874343E+02, -0.11976790E+01, -0.35377764E-03,  0.13919643E-02,  0.54757414E-02
     602.,  0.17320661E+02,  0.17064986E+02, -0.11976790E+01, -0.37483314E-03,  0.13662816E-02,  0.19129846E-02
     603.,  0.17258211E+02,  0.16271362E+02, -0.11976790E+01, -0.40377792E-03,  0.13308205E-02,  0.54060924E-03
     604.,  0.17163879E+02,  0.15505327E+02, -0.11976790E+01, -0.42796847E-03,  0.12977182E-02,  0.52705809E-04
     605.,  0.17047529E+02,  0.14773821E+02, -0.11976790E+01, -0.44961686E-03,  0.12669574E-02, -0.12230818E-03
     606.,  0.16918899E+02,  0.14078956E+02, -0.11976790E+01, -0.47111563E-03,  0.12414563E-02, -0.18687620E-03
     607.,  0.16786054E+02,  0.13419253E+02, -0.11976790E+01, -0.49479392E-03,  0.12207184E-02, -0.21338679E-03
     608.,  0.16654842E+02,  0.12791166E+02, -0.11976790E+01, -0.51936213E-03,  0.12052029E-02, -0.22711530E-03
     609.,  0.16529025E+02,  0.12190323E+02, -0.11976790E+01, -0.54251921E-03,  0.11948460E-02, -0.23489946E-03
     610.,  0.15925098E+02,  0.12063857E+02, -0.11976790E+01, -0.55072653E-03,  0.11830528E-02, -0.12427894E-03
     611.,  0.15293629E+02,  0.11931959E+02, -0.11976790E+01, -0.56447624E-03,  0.11664252E-02, -0.27879640E-04
     612.,  0.14630185E+02,  0.11798461E+02, -0.11976790E+01, -0.58655987E-03,  0.11480277E-02,  0.46920695E-04
     613.,  0.13931184E+02,  0.11669329E+02, -0.11976790E+01, -0.62049337E-03,  0.11338112E-02,  0.98136470E-04
     614.,  0.13195179E+02,  0.11552787E+02, -0.11976790E+01, -0.66996935E-03,  0.11336009E-02,  0.12892754E-03
     615.,  0.12424413E+02,  0.11458742E+02, -0.11976790E+01, -0.73721514E-03,  0.11614077E-02,  0.14540374E-03
     616.,  0.11626077E+02,  0.11397177E+02, -0.11976790E+01, -0.82034598E-03,  0.12335464E-02,  0.15498635E-03
     617.,  0.10812349E+02,  0.11375699E+02, -0.11976790E+01, -0.91129080E-03,  0.13638336E-02,  0.16556724E-03
     618.,  0.99986211E+01,  0.11397177E+02, -0.11976790E+01, -0.99696735E-03,  0.15575231E-02,  0.18541169E-03
     619.,  0.92002846E+01,  0.11458742E+02, -0.11976790E+01, -0.10643750E-02,  0.18081172E-02,  0.22236093E-03
     620.,  0.84295193E+01,  0.11552787E+02, -0.11976790E+01, -0.11060196E-02,  0.20998146E-02,  0.28077573E-03
     621.,  0.76935138E+01,  0.11669329E+02, -0.11976790E+01, -0.11215290E-02,  0.24136444E-02,  0.35741529E-03
     622.,  0.69945129E+01,  0.11798461E+02, -0.11976790E+01, -0.11153922E-02,  0.27329651E-02,  0.43891052E-03
     623.,  0.63310689E+01,  0.11931959E+02, -0.11976790E+01, -0.10936393E-02,  0.30460405E-02,  0.50118863E-03
     624.,  0.56996001E+01,  0.12063857E+02, -0.11976790E+01, -0.10615759E-02,  0.33457629E-02,  0.51050595E-03
     625.,  0.50956728E+01,  0.12190323E+02, -0.11976790E+01, -0.10232535E-02,  0.36282246E-02,  0.43255914E-03
     626.,  0.49698556E+01,  0.12791166E+02, -0.11976790E+01, -0.80020983E-03,  0.36968922E-02,  0.23552793E-03
     627.,  0.48386439E+01,  0.13419253E+02, -0.11976790E+01, -0.57159459E-03,  0.37762182E-02, -0.13453360E-04
     628.,  0.47057993E+01,  0.14078956E+02, -0.11976790E+01, -0.33335880E-03,  0.38665639E-02, -0.37314234E-03
     629.,  0.45771687E+01,  0.14773821E+02, -0.11976790E+01, -0.82253224E-04,  0.39678570E-02, -0.97290758E-03
     630.,  0.44608192E+01,  0.15505327E+02, -0.11976790E+01,  0.18857914E-03,  0.40774424E-02, -0.21066904E-02
     631.,  0.43664871E+01,  0.16271362E+02, -0.11976790E+01,  0.49298580E-03,  0.41931526E-02, -0.44468418E-02
     632.,  0.43040373E+01,  0.17064986E+02, -0.11976790E+01,  0.85610273E-03,  0.43046091E-02, -0.93523632E-02
     633.,  0.42810837E+01,  0.17874343E+02, -0.11976790E+01,  0.12967495E-02,  0.44275243E-02, -0.20343428E-01
     634.,  0.43006569E+01,  0.18684332E+02, -0.11976790E+01,  0.25832949E-02,  0.42661980E-02, -0.45221196E-01
     635.,  0.43601646E+01,  0.19479719E+02, -0.11976790E+01,  0.71220089E-02,  0.23054224E-02, -0.98362120E-01
     636.,  0.44522847E+01,  0.20248298E+02, -0.11976790E+01,  0.19873321E-01, -0.59024200E-02, -0.20016329E+00
     637.,  0.45672383E+01,  0.20982716E+02, -0.11976790E+01,  0.46439348E-01, -0.27676755E-01, -0.35897574E+00
     638.,  0.46952078E+01,  0.21680510E+02, -0.11976790E+01,  0.85760618E-01, -0.64849351E-01, -0.55760530E+00
     639.,  0.48279597E+01,  0.22342928E+02, -0.11976790E+01,  0.13185052E+00, -0.11177996E+00, -0.77238001E+00
     640.,  0.49594671E+01,  0.22973400E+02, -0.11976790E+01,  0.17905325E+00, -0.16179310E+00, -0.98697629E+00
     641.,  0.44946597E+01,  0.24161511E+02, -0.11976790E+01,  0.31250473E+00, -0.30230690E+00, -0.16361798E+01
     642.,  0.52094102E+01,  0.24246324E+02, -0.11976790E+01,  0.27436748E+00, -0.26317749E+00, -0.14255977E+01
     643.,  0.59426760E+01,  0.24334967E+02, -0.11976790E+01,  0.23834459E+00, -0.22660459E+00, -0.12189133E+01
     644.,  0.66975171E+01,  0.24424893E+02, -0.11976790E+01,  0.19963973E+00, -0.18441157E+00, -0.10071730E+01
     645.,  0.74764450E+01,  0.24512089E+02, -0.11976790E+01,  0.15141331E+00, -0.12736673E+00, -0.77551255E+00
     646.,  0.82805411E+01,  0.24590972E+02, -0.11976790E+01,  0.10196577E+00, -0.68640615E-01, -0.53349174E+00
     647.,  0.91083679E+01,  0.24654764E+02, -0.11976790E+01,  0.57331480E-01, -0.21926800E-01, -0.30145719E+00
     648.,  0.99550769E+01,  0.24696593E+02, -0.11976790E+01,  0.24242889E-01,  0.77772011E-03, -0.93954797E-01
     649.,  0.10812349E+02,  0.24711199E+02, -0.11976790E+01, -0.82653958E-03,  0.14187963E-02,  0.99052512E-01
     650.,  0.11669621E+02,  0.24696593E+02, -0.11976790E+01, -0.24375434E-01, -0.80028073E-02,  0.26066302E+00
     651.,  0.12516330E+02,  0.24654764E+02, -0.11976790E+01, -0.52605991E-01, -0.48608078E-01,  0.41153919E+00
     652.,  0.13344157E+02,  0.24590972E+02, -0.11976790E+01, -0.78020717E-01, -0.94828354E-01,  0.58143413E+00
     653.,  0.14148253E+02,  0.24512089E+02, -0.11976790E+01, -0.10618114E+00, -0.13904936E+00,  0.76976102E+00
     654.,  0.14927181E+02,  0.24424893E+02, -0.11976790E+01, -0.14188667E+00, -0.18959971E+00,  0.97007346E+00
     655.,  0.15682022E+02,  0.24334967E+02, -0.11976790E+01, -0.18183442E+00, -0.24560226E+00,  0.11812557E+01
     656.,  0.16415288E+02,  0.24246324E+02, -0.11976790E+01, -0.21729781E+00, -0.29608266E+00,  0.13788032E+01
     657.,  0.17130038E+02,  0.24161511E+02, -0.11976790E+01, -0.24708605E+00, -0.33799141E+00,  0.15595487E+01
     658.,  0.17214270E+02,  0.23448662E+02, -0.11976790E+01, -0.18497170E+00, -0.24842553E+00,  0.12347270E+01
     659.,  0.17301942E+02,  0.22717410E+02, -0.11976790E+01, -0.12395309E+00, -0.16078350E+00,  0.90909053E+00
     660.,  0.17390443E+02,  0.21964861E+02, -0.11976790E+01, -0.67365748E-01, -0.81103550E-01,  0.59259283E+00
     661.,  0.17475756E+02,  0.21188727E+02, -0.11976790E+01, -0.25984986E-01, -0.26395864E-01,  0.32239944E+00
     662.,  0.17552392E+02,  0.20388177E+02, -0.11976790E+01, -0.66598003E-02, -0.40182410E-02,  0.14333649E+00
     663.,  0.17613805E+02,  0.19564854E+02, -0.11976790E+01, -0.12758615E-02,  0.10028188E-02,  0.55344015E-01
     664.,  0.17653477E+02,  0.18723659E+02, -0.11976790E+01, -0.40934160E-03,  0.14732370E-02,  0.20921374E-01
     665.,  0.17666526E+02,  0.17872728E+02, -0.11976790E+01, -0.36641536E-03,  0.14223363E-02,  0.80801847E-02
     666.,  0.17651223E+02,  0.17022220E+02, -0.11976790E+01, -0.37837635E-03,  0.13701483E-02,  0.28869807E-02
     667.,  0.17609590E+02,  0.16182199E+02, -0.11976790E+01, -0.40870566E-03,  0.13284387E-02,  0.84653702E-03
     668.,  0.17546702E+02,  0.15360572E+02, -0.11976790E+01, -0.43737779E-03,  0.12877461E-02,  0.88746843E-04
     669.,  0.17469136E+02,  0.14561964E+02, -0.11976790E+01, -0.46127572E-03,  0.12564497E-02, -0.19305300E-03
     670.,  0.17383382E+02,  0.13787783E+02, -0.11976790E+01, -0.48680217E-03,  0.12311331E-02, -0.30048503E-03
     671.,  0.17294819E+02,  0.13037043E+02, -0.11976790E+01, -0.51335121E-03,  0.12125502E-02, -0.34839547E-03
     672.,  0.17207344E+02,  0.12307381E+02, -0.11976790E+01, -0.53825060E-03,  0.12004996E-02, -0.37218002E-03
     673.,  0.17123466E+02,  0.11595882E+02, -0.11976790E+01, -0.55743846E-03,  0.11944179E-02, -0.38803555E-03
     674.,  0.16408348E+02,  0.11511571E+02, -0.11976790E+01, -0.56395345E-03,  0.11891310E-02, -0.24530042E-03
     675.,  0.15674869E+02,  0.11423639E+02, -0.11976790E+01, -0.57701802E-03,  0.11758281E-02, -0.11500565E-03
     676.,  0.14920073E+02,  0.11334641E+02, -0.11976790E+01, -0.59993385E-03,  0.11579404E-02, -0.79459078E-05
     677.,  0.14141572E+02,  0.11248552E+02, -0.11976790E+01, -0.63706356E-03,  0.11422073E-02,  0.69010713E-04
     678.,  0.13338402E+02,  0.11170857E+02, -0.11976790E+01, -0.69307094E-03,  0.11398338E-02,  0.11673022E-03
     679.,  0.12512059E+02,  0.11108161E+02, -0.11976790E+01, -0.77100444E-03,  0.11664642E-02,  0.14273946E-03
     680.,  0.11667334E+02,  0.11067117E+02, -0.11976790E+01, -0.86939909E-03,  0.12401427E-02,  0.15797611E-03
     681.,  0.10812349E+02,  0.11052799E+02, -0.11976790E+01, -0.98006134E-03,  0.13763750E-02,  0.17459508E-03
     682.,  0.99573637E+01,  0.11067117E+02, -0.11976790E+01, -0.10891465E-02,  0.15819821E-02,  0.20539111E-03
     683.,  0.91126394E+01,  0.11108161E+02, -0.11976790E+01, -0.11821909E-02,  0.18516774E-02,  0.26250392E-03
     684.,  0.82862959E+01,  0.11170857E+02, -0.11976790E+01, -0.12497551E-02,  0.21700693E-02,  0.35217439E-03
     685.,  0.74831255E+01,  0.11248552E+02, -0.11976790E+01, -0.12896185E-02,  0.25174235E-02,  0.46697351E-03
     686.,  0.67046249E+01,  0.11334641E+02, -0.11976790E+01, -0.13051019E-02,  0.28751985E-02,  0.58108467E-03
     687.,  0.59498289E+01,  0.11423639E+02, -0.11976790E+01, -0.13018349E-02,  0.32288843E-02,  0.65259781E-03
     688.,  0.52163497E+01,  0.11511571E+02, -0.11976790E+01, -0.12853113E-02,  0.35686538E-02,  0.63745606E-03
     689.,  0.45012315E+01,  0.11595882E+02, -0.11976790E+01, -0.12599910E-02,  0.38886052E-02,  0.51320248E-03
     690.,  0.44173534E+01,  0.12307381E+02, -0.11976790E+01, -0.98199672E-03,  0.39343308E-02,  0.21551537E-03
     691.,  0.43298789E+01,  0.13037043E+02, -0.11976790E+01, -0.70840462E-03,  0.39917793E-02, -0.15760902E-03
     692.,  0.42413158E+01,  0.13787783E+02, -0.11976790E+01, -0.43346857E-03,  0.40627367E-02, -0.70008556E-03
     693.,  0.41555621E+01,  0.14561964E+02, -0.11976790E+01, -0.15233883E-03,  0.41498647E-02, -0.16007931E-02
     694.,  0.40779958E+01,  0.15360572E+02, -0.11976790E+01,  0.14083642E-03,  0.42562132E-02, -0.32766885E-02
     695.,  0.40151077E+01,  0.16182199E+02, -0.11976790E+01,  0.47048345E-03,  0.43777632E-02, -0.66584738E-02
     696.,  0.39734745E+01,  0.17022220E+02, -0.11976790E+01,  0.88305701E-03,  0.45207338E-02, -0.13778119E-01
     697.,  0.39581721E+01,  0.17872728E+02, -0.11976790E+01,  0.14516282E-02,  0.47404532E-02, -0.30392447E-01
     698.,  0.39712209E+01,  0.18723659E+02, -0.11976790E+01,  0.34513382E-02,  0.44701935E-02, -0.70510392E-01
     699.,  0.40108927E+01,  0.19564854E+02, -0.11976790E+01,  0.11505400E-01,  0.34661462E-03, -0.15824227E+00
     700.,  0.40723061E+01,  0.20388177E+02, -0.11976790E+01,  0.34164705E-01, -0.16649481E-01, -0.31736527E+00
     701.,  0.41489419E+01,  0.21188727E+02, -0.11976790E+01,  0.76834395E-01, -0.55382462E-01, -0.54649104E+00
     702.,  0.42342548E+01,  0.21964861E+02, -0.11976790E+01,  0.13383329E+00, -0.11281280E+00, -0.81646959E+00
     703.,  0.43227561E+01,  0.22717410E+02, -0.11976790E+01,  0.19523754E+00, -0.17760645E+00, -0.10967135E+01
     704.,  0.44104277E+01,  0.23448662E+02, -0.11976790E+01,  0.25546619E+00, -0.24170161E+00, -0.13714520E+01
     705.,  0.39035043E+01,  0.24746755E+02, -0.11976790E+01,  0.39174948E+00, -0.38318015E+00, -0.20566426E+01
     706.,  0.47296296E+01,  0.24789162E+02, -0.11976790E+01,  0.34505933E+00, -0.33592571E+00, -0.17955716E+01
     707.,  0.55650125E+01,  0.24833483E+02, -0.11976790E+01,  0.29561902E+00, -0.28484256E+00, -0.15261708E+01
     708.,  0.64111830E+01,  0.24878446E+02, -0.11976790E+01,  0.25240992E+00, -0.24008358E+00, -0.12813585E+01
     709.,  0.72693970E+01,  0.24922044E+02, -0.11976790E+01,  0.20605418E+00, -0.18673292E+00, -0.10325464E+01
     710.,  0.81401950E+01,  0.24961485E+02, -0.11976790E+01,  0.14153085E+00, -0.10819339E+00, -0.72934895E+00
     711.,  0.90228584E+01,  0.24993381E+02, -0.11976790E+01,  0.82025837E-01, -0.38035196E-01, -0.42622516E+00
     712.,  0.99149629E+01,  0.25014296E+02, -0.11976790E+01,  0.35250398E-01, -0.39151112E-03, -0.14717990E+00
     713.,  0.10812349E+02,  0.25021599E+02, -0.11976790E+01, -0.43063495E-02,  0.14559599E-02,  0.12302375E+00
     714.,  0.11709735E+02,  0.25014296E+02, -0.11976790E+01, -0.43362921E-01, -0.13680081E-01,  0.37011728E+00
     715.,  0.12601839E+02,  0.24993381E+02, -0.11976790E+01, -0.82769144E-01, -0.84690608E-01,  0.57964124E+00
     716.,  0.13484503E+02,  0.24961485E+02, -0.11976790E+01, -0.11122481E+00, -0.14641810E+00,  0.78990041E+00
     717.,  0.14355301E+02,  0.24922044E+02, -0.11976790E+01, -0.14479396E+00, -0.19471951E+00,  0.10113063E+01
     718.,  0.15213515E+02,  0.24878446E+02, -0.11976790E+01, -0.19946191E+00, -0.27060556E+00,  0.12816838E+01
     719.,  0.16059685E+02,  0.24833483E+02, -0.11976790E+01, -0.25188580E+00, -0.34597274E+00,  0.15526353E+01
     720.,  0.16895068E+02,  0.24789162E+02, -0.11976790E+01, -0.29368696E+00, -0.40535376E+00,  0.17963141E+01
     721.,  0.17721194E+02,  0.24746755E+02, -0.11976790E+01, -0.33268627E+00, -0.46130992E+00,  0.20316714E+01
     722.,  0.17763310E+02,  0.23923924E+02, -0.11976790E+01, -0.25638758E+00, -0.35056809E+00,  0.16346028E+01
     723.,  0.17807145E+02,  0.23091892E+02, -0.11976790E+01, -0.17924407E+00, -0.23884411E+00,  0.12334687E+01
     724.,  0.17851396E+02,  0.22249211E+02, -0.11976790E+01, -0.10548069E+00, -0.13291533E+00,  0.83889614E+00
     725.,  0.17894052E+02,  0.21394738E+02, -0.11976790E+01, -0.44780238E-01, -0.49228617E-01,  0.48061869E+00
     726.,  0.17932370E+02,  0.20528057E+02, -0.11976790E+01, -0.11460479E-01, -0.80385975E-02,  0.21741652E+00
     727.,  0.17963077E+02,  0.19649989E+02, -0.11976790E+01, -0.19314376E-02,  0.10968345E-02,  0.79642995E-01
     728.,  0.17982913E+02,  0.18762985E+02, -0.11976790E+01, -0.49844208E-03,  0.15933699E-02,  0.27976756E-01
     729.,  0.17989437E+02,  0.17871114E+02, -0.11976790E+01, -0.39191929E-03,  0.14346587E-02,  0.10636423E-01
     730.,  0.17981786E+02,  0.16979453E+02, -0.11976790E+01, -0.38261670E-03,  0.13758553E-02,  0.38522111E-02
     731.,  0.17960970E+02,  0.16093037E+02, -0.11976790E+01, -0.41815659E-03,  0.13164377E-02,  0.11507632E-02
     732.,  0.17929526E+02,  0.15215817E+02, -0.11976790E+01, -0.44629986E-03,  0.12753937E-02,  0.11807336E-03
     733.,  0.17890742E+02,  0.14350106E+02, -0.11976790E+01, -0.47292137E-03,  0.12419162E-02, -0.26193304E-03
     734.,  0.17847866E+02,  0.13496610E+02, -0.11976790E+01, -0.50114817E-03,  0.12171058E-02, -0.41339508E-03
     735.,  0.17803584E+02,  0.12654834E+02, -0.11976790E+01, -0.52924982E-03,  0.12008843E-02, -0.47798057E-03
     736.,  0.17759847E+02,  0.11823596E+02, -0.11976790E+01, -0.55210591E-03,  0.11925670E-02, -0.51374203E-03
     737.,  0.17717908E+02,  0.11001440E+02, -0.11976790E+01, -0.56575509E-03,  0.11903032E-02, -0.53881181E-03
     738.,  0.16891599E+02,  0.10959285E+02, -0.11976790E+01, -0.56884927E-03,  0.11928417E-02, -0.36664111E-03
     739.,  0.16056109E+02,  0.10915319E+02, -0.11976790E+01, -0.57889536E-03,  0.11848218E-02, -0.20496752E-03
     740.,  0.15209961E+02,  0.10870820E+02, -0.11976790E+01, -0.60068057E-03,  0.11686798E-02, -0.66639939E-04
     741.,  0.14351961E+02,  0.10827776E+02, -0.11976790E+01, -0.64028141E-03,  0.11520243E-02,  0.36905234E-04
     742.,  0.13481625E+02,  0.10788928E+02, -0.11976790E+01, -0.70379318E-03,  0.11475429E-02,  0.10299389E-03
     743.,  0.12599704E+02,  0.10757580E+02, -0.11976790E+01, -0.79498927E-03,  0.11727791E-02,  0.13953309E-03
     744.,  0.11708592E+02,  0.10737058E+02, -0.11976790E+01, -0.91243439E-03,  0.12477407E-02,  0.16098818E-03
     745.,  0.10812349E+02,  0.10729899E+02, -0.11976790E+01, -0.10473521E-02,  0.13897812E-02,  0.18421405E-03
     746.,  0.99161063E+01,  0.10737058E+02, -0.11976790E+01, -0.11847176E-02,  0.16073514E-02,  0.22714284E-03
     747.,  0.90249942E+01,  0.10757580E+02, -0.11976790E+01, -0.13081197E-02,  0.18963322E-02,  0.30684459E-03
     748.,  0.81430724E+01,  0.10788928E+02, -0.11976790E+01, -0.14054678E-02,  0.22415644E-02,  0.43150758E-03
     749.,  0.72727372E+01,  0.10827776E+02, -0.11976790E+01, -0.14718735E-02,  0.26222378E-02,  0.58792251E-03
     750.,  0.64147369E+01,  0.10870820E+02, -0.11976790E+01, -0.15089178E-02,  0.30174216E-02,  0.73431670E-03
     751.,  0.55685889E+01,  0.10915319E+02, -0.11976790E+01, -0.15222579E-02,  0.34094392E-02,  0.81102860E-03
     752.,  0.47330993E+01,  0.10959285E+02, -0.11976790E+01, -0.15189210E-02,  0.37855663E-02,  0.77232765E-03
     753.,  0.39067902E+01,  0.11001440E+02, -0.11976790E+01, -0.15054832E-02,  0.41408837E-02,  0.62127047E-03
     754.,  0.38648512E+01,  0.11823596E+02, -0.11976790E+01, -0.11700518E-02,  0.41626314E-02,  0.23369858E-03
     755.,  0.38211139E+01,  0.12654834E+02, -0.11976790E+01, -0.84737626E-03,  0.41955119E-02, -0.25407001E-03
     756.,  0.37768324E+01,  0.13496610E+02, -0.11976790E+01, -0.53338576E-03,  0.42443382E-02, -0.96599813E-03
     757.,  0.37339555E+01,  0.14350106E+02, -0.11976790E+01, -0.21979037E-03,  0.43142143E-02, -0.21588713E-02
     758.,  0.36951723E+01,  0.15215817E+02, -0.11976790E+01,  0.10028896E-03,  0.44131243E-02, -0.43668565E-02
     759.,  0.36637283E+01,  0.16093037E+02, -0.11976790E+01,  0.45098116E-03,  0.45485614E-02, -0.87609335E-02
     760.,  0.36429117E+01,  0.16979453E+02, -0.11976790E+01,  0.92340512E-03,  0.47196222E-02, -0.17944268E-01
     761.,  0.36352605E+01,  0.17871114E+02, -0.11976790E+01,  0.16604288E-02,  0.50903367E-02, -0.40124204E-01
     762.,  0.36417849E+01,  0.18762985E+02, -0.11976790E+01,  0.45079409E-02,  0.49835883E-02, -0.96807157E-01
     763.,  0.36616208E+01,  0.19649989E+02, -0.11976790E+01,  0.16697045E-01, -0.16471075E-02, -0.22328611E+00
     764.,  0.36923275E+01,  0.20528057E+02, -0.11976790E+01,  0.50929777E-01, -0.29536576E-01, -0.44488572E+00
     765.,  0.37306454E+01,  0.21394738E+02, -0.11976790E+01,  0.11098494E+00, -0.87737507E-01, -0.74560267E+00
     766.,  0.37733019E+01,  0.22249211E+02, -0.11976790E+01,  0.18439023E+00, -0.16439598E+00, -0.10824174E+01
     767.,  0.38175525E+01,  0.23091892E+02, -0.11976790E+01,  0.25967991E+00, -0.24465394E+00, -0.14236792E+01
     768.,  0.38613883E+01,  0.23923924E+02, -0.11976790E+01,  0.33256597E+00, -0.32251986E+00, -0.17573619E+01
     769.,  0.33123489E+01,  0.25331999E+02, -0.11976790E+01,  0.42850154E+00, -0.42688468E+00, -0.23644560E+01
     770.,  0.42498489E+01,  0.25331999E+02, -0.11976790E+01,  0.37313417E+00, -0.37168456E+00, -0.20501221E+01
     771.,  0.51873489E+01,  0.25331999E+02, -0.11976790E+01,  0.31772905E+00, -0.31643359E+00, -0.17374752E+01
     772.,  0.61248489E+01,  0.25331999E+02, -0.11976790E+01,  0.26324607E+00, -0.25426572E+00, -0.14257028E+01
     773.,  0.70623489E+01,  0.25331999E+02, -0.11976790E+01,  0.20119738E+00, -0.18335448E+00, -0.11105230E+01
     774.,  0.79998489E+01,  0.25331999E+02, -0.11976790E+01,  0.14183894E+00, -0.11090106E+00, -0.79804807E+00
     775.,  0.89373489E+01,  0.25331999E+02, -0.11976790E+01,  0.89108236E-01, -0.41300876E-01, -0.48594315E+00
     776.,  0.98748489E+01,  0.25331999E+02, -0.11976790E+01,  0.44040389E-01,  0.24425583E-06, -0.17743056E+00
     777.,  0.10812349E+02,  0.25331999E+02, -0.11976790E+01, -0.77528854E-02,  0.26210265E-06,  0.12986384E+00
     778.,  0.11749849E+02,  0.25331999E+02, -0.11976790E+01, -0.59546159E-01,  0.27994948E-06,  0.43715823E+00
     779.,  0.12687349E+02,  0.25331999E+02, -0.11976790E+01, -0.10195189E+00, -0.11737897E+00,  0.73703908E+00
     780.,  0.13624849E+02,  0.25331999E+02, -0.11976790E+01, -0.15167040E+00, -0.21453805E+00,  0.10224866E+01
     781.,  0.14562349E+02,  0.25331999E+02, -0.11976790E+01, -0.20668083E+00, -0.27335539E+00,  0.13121757E+01
     782.,  0.15499849E+02,  0.25331999E+02, -0.11976790E+01, -0.26271561E+00, -0.36074932E+00,  0.16047023E+01
     783.,  0.16437349E+02,  0.25331999E+02, -0.11976790E+01, -0.31544976E+00, -0.43583888E+00,  0.19076505E+01
     784.,  0.17374849E+02,  0.25331999E+02, -0.11976790E+01, -0.36644275E+00, -0.51022958E+00,  0.22051764E+01
     785.,  0.18312349E+02,  0.25331999E+02, -0.11976790E+01, -0.41731502E+00, -0.58270788E+00,  0.25013340E+01
     786.,  0.18312349E+02,  0.24399186E+02, -0.11976790E+01, -0.33055895E+00, -0.45749924E+00,  0.20421381E+01
     787.,  0.18312349E+02,  0.23466374E+02, -0.11976790E+01, -0.23829033E+00, -0.32295762E+00,  0.15683263E+01
     788.,  0.18312349E+02,  0.22533562E+02, -0.11976790E+01, -0.14763999E+00, -0.19091054E+00,  0.10977344E+01
     789.,  0.18312349E+02,  0.21600749E+02, -0.11976790E+01, -0.67473593E-01, -0.76144302E-01,  0.65311818E+00
     790.,  0.18312349E+02,  0.20667936E+02, -0.11976790E+01, -0.17742705E-01, -0.11214209E-01,  0.29830222E+00
     791.,  0.18312349E+02,  0.19735124E+02, -0.11976790E+01, -0.28939705E-02,  0.18440795E-02,  0.10292029E+00
     792.,  0.18312349E+02,  0.18802311E+02, -0.11976790E+01, -0.64024190E-03,  0.16319675E-02,  0.34352131E-01
     793.,  0.18312349E+02,  0.17869499E+02, -0.11976790E+01, -0.41624931E-03,  0.14622221E-02,  0.12901555E-01
     794.,  0.18312349E+02,  0.16936686E+02, -0.11976790E+01, -0.39228777E-03,  0.13579997E-02,  0.47126438E-02
     795.,  0.18312349E+02,  0.16003874E+02, -0.11976790E+01, -0.42731236E-03,  0.13031402E-02,  0.13660514E-02
     796.,  0.18312349E+02,  0.15071061E+02, -0.11976790E+01, -0.45534877E-03,  0.12587873E-02,  0.11207128E-03
     797.,  0.18312349E+02,  0.14138249E+02, -0.11976790E+01, -0.48403555E-03,  0.12235414E-02, -0.35276394E-03
     798.,  0.18312349E+02,  0.13205437E+02, -0.11976790E+01, -0.51426539E-03,  0.11983579E-02, -0.53012716E-03
     799.,  0.18312349E+02,  0.12272624E+02, -0.11976790E+01, -0.54228150E-03,  0.11860427E-02, -0.60797726E-03
     800.,  0.18312349E+02,  0.11339811E+02, -0.11976790E+01, -0.56101161E-03,  0.11838700E-02, -0.65306086E-03
     801.,  0.18312349E+02,  0.10406999E+02, -0.11976790E+01, -0.57170708E-03,  0.11843814E-02, -0.68899670E-03
     802.,  0.17374849E+02,  0.10406999E+02, -0.11976790E+01, -0.57117746E-03,  0.11922205E-02, -0.48864713E-03
     803.,  0.16437349E+02,  0.10406999E+02, -0.11976790E+01, -0.57370846E-03,  0.11912523E-02, -0.29709207E-03
     804.,  0.15499849E+02,  0.10406999E+02, -0.11976790E+01, -0.58946319E-03,  0.11787084E-02, -0.12797913E-03
     805.,  0.14562349E+02,  0.10406999E+02, -0.11976790E+01, -0.62870896E-03,  0.11624797E-02,  0.28491135E-05
     806.,  0.13624849E+02,  0.10406999E+02, -0.11976790E+01, -0.69964160E-03,  0.11566486E-02,  0.88345335E-04
     807.,  0.12687349E+02,  0.10406999E+02, -0.11976790E+01, -0.80670112E-03,  0.11807721E-02,  0.13597970E-03
     808.,  0.11749849E+02,  0.10406999E+02, -0.11976790E+01, -0.94782935E-03,  0.12570678E-02,  0.16374801E-03
     809.,  0.10812349E+02,  0.10406999E+02, -0.11976790E+01, -0.11128866E-02,  0.14049393E-02,  0.19365164E-03
     810.,  0.98748489E+01,  0.10406999E+02, -0.11976790E+01, -0.12849550E-02,  0.16345561E-02,  0.24936808E-03
     811.,  0.89373489E+01,  0.10406999E+02, -0.11976790E+01, -0.14448536E-02,  0.19428877E-02,  0.35367128E-03
     812.,  0.79998489E+01,  0.10406999E+02, -0.11976790E+01, -0.15766913E-02,  0.23147507E-02,  0.51718659E-03
     813.,  0.70623489E+01,  0.10406999E+02, -0.11976790E+01, -0.16714996E-02,  0.27278384E-02,  0.71954960E-03
     814.,  0.61248489E+01,  0.10406999E+02, -0.11976790E+01, -0.17279964E-02,  0.31584371E-02,  0.90019076E-03
     815.,  0.51873489E+01,  0.10406999E+02, -0.11976790E+01, -0.17518120E-02,  0.35855571E-02,  0.98155479E-03
     816.,  0.42498489E+01,  0.10406999E+02, -0.11976790E+01, -0.17554764E-02,  0.39948694E-02,  0.92189914E-03
     817.,  0.33123489E+01,  0.10406999E+02, -0.11976790E+01, -0.17544810E-02,  0.43899685E-02,  0.76044605E-03
     818.,  0.33123489E+01,  0.11339811E+02, -0.11976790E+01, -0.13659574E-02,  0.43888453E-02,  0.30455600E-03
     819.,  0.33123489E+01,  0.12272624E+02, -0.11976790E+01, -0.99133551E-03,  0.43918425E-02, -0.26534242E-03
     820.,  0.33123489E+01,  0.13205437E+02, -0.11976790E+01, -0.63510191E-03,  0.44125961E-02, -0.11136300E-02
     821.,  0.33123489E+01,  0.14138249E+02, -0.11976790E+01, -0.28813917E-03,  0.44618758E-02, -0.25478654E-02
     822.,  0.33123489E+01,  0.15071061E+02, -0.11976790E+01,  0.62241149E-04,  0.45471830E-02, -0.52353387E-02
     823.,  0.33123489E+01,  0.16003874E+02, -0.11976790E+01,  0.43697335E-03,  0.46853194E-02, -0.10562571E-01
     824.,  0.33123489E+01,  0.16936686E+02, -0.11976790E+01,  0.96156147E-03,  0.49060852E-02, -0.21549345E-01
     825.,  0.33123489E+01,  0.17869499E+02, -0.11976790E+01,  0.19408509E-02,  0.54312540E-02, -0.48573211E-01
     826.,  0.33123489E+01,  0.18802311E+02, -0.11976790E+01,  0.58073364E-02,  0.60571493E-02, -0.12150926E+00
     827.,  0.33123489E+01,  0.19735124E+02, -0.11976790E+01,  0.22552474E-01, -0.22574670E-02, -0.28932978E+00
     828.,  0.33123489E+01,  0.20667936E+02, -0.11976790E+01,  0.69796276E-01, -0.43380098E-01, -0.57975619E+00
     829.,  0.33123489E+01,  0.21600749E+02, -0.11976790E+01,  0.14810345E+00, -0.12373907E+00, -0.95365206E+00
     830.,  0.33123489E+01,  0.22533562E+02, -0.11976790E+01,  0.23686939E+00, -0.21842864E+00, -0.13534317E+01
     831.,  0.33123489E+01,  0.23466374E+02, -0.11976790E+01,  0.32582558E+00, -0.31392888E+00, -0.17547601E+01
     832.,  0.33123489E+01,  0.24399186E+02, -0.11976790E+01,  0.41242433E+00, -0.40584737E+00, -0.21508497E+01
     833.,  0.33123489E+01,  0.25331999E+02, -0.19237207E+01,  0.66416787E+00, -0.32778405E+00, -0.23178494E+01
     834.,  0.42498489E+01,  0.25331999E+02, -0.19237207E+01,  0.60848235E+00, -0.27320230E+00, -0.20041660E+01
     835.,  0.51873489E+01,  0.25331999E+02, -0.19237207E+01,  0.55326972E+00, -0.21546895E+00, -0.16912685E+01
     836.,  0.61248489E+01,  0.25331999E+02, -0.19237207E+01,  0.49069308E+00, -0.10138645E+00, -0.13707879E+01
     837.,  0.70623489E+01,  0.25331999E+02, -0.19237207E+01,  0.43740265E+00,  0.11622252E-06, -0.10592027E+01
     838.,  0.79998489E+01,  0.25331999E+02, -0.19237207E+01,  0.38560937E+00,  0.13406935E-06, -0.75190834E+00
     839.,  0.89373489E+01,  0.25331999E+02, -0.19237207E+01,  0.33381610E+00,  0.15191616E-06, -0.44461394E+00
     840.,  0.98748489E+01,  0.25331999E+02, -0.19237207E+01,  0.28202283E+00,  0.16976298E-06, -0.13731955E+00
     841.,  0.10812349E+02,  0.25331999E+02, -0.19237207E+01,  0.23022955E+00,  0.18760979E-06,  0.16997485E+00
     842.,  0.11749849E+02,  0.25331999E+02, -0.19237207E+01,  0.17843628E+00,  0.20545661E-06,  0.47726925E+00
     843.,  0.12687349E+02,  0.25331999E+02, -0.19237207E+01,  0.12664300E+00,  0.22330345E-06,  0.78456364E+00
     844.,  0.13624849E+02,  0.25331999E+02, -0.19237207E+01,  0.74849730E-01,  0.24115026E-06,  0.10918580E+01
     845.,  0.14562349E+02,  0.25331999E+02, -0.19237207E+01,  0.23056456E-01,  0.25899709E-06,  0.13991524E+01
     846.,  0.15499849E+02,  0.25331999E+02, -0.19237207E+01, -0.27359395E-01, -0.89325811E-01,  0.17022563E+01
     847.,  0.16437349E+02,  0.25331999E+02, -0.19237207E+01, -0.79426384E-01, -0.18321055E+00,  0.19958472E+01
     848.,  0.17374849E+02,  0.25331999E+02, -0.19237207E+01, -0.13241703E+00, -0.24173499E+00,  0.22985854E+01
     849.,  0.18312349E+02,  0.25331999E+02, -0.19237207E+01, -0.18497092E+00, -0.29285244E+00,  0.26032541E+01
     850.,  0.33123489E+01,  0.25331999E+02, -0.26497623E+01,  0.88782974E+00, -0.13232658E+00, -0.22547101E+01
     851.,  0.42498489E+01,  0.25331999E+02, -0.26497623E+01,  0.83440636E+00, -0.98822896E-01, -0.19460731E+01
     852.,  0.51873489E+01,  0.25331999E+02, -0.26497623E+01,  0.78047898E+00, -0.56966003E-01, -0.16358566E+01
     853.,  0.61248489E+01,  0.25331999E+02, -0.26497623E+01,  0.72717836E+00,  0.23882849E-07, -0.13263861E+01
     854.,  0.70623489E+01,  0.25331999E+02, -0.26497623E+01,  0.67538508E+00,  0.41729668E-07, -0.10190917E+01
     855.,  0.79998489E+01,  0.25331999E+02, -0.26497623E+01,  0.62359181E+00,  0.59576498E-07, -0.71179732E+00
     856.,  0.89373489E+01,  0.25331999E+02, -0.26497623E+01,  0.57179854E+00,  0.77423312E-07, -0.40450293E+00
     857.,  0.98748489E+01,  0.25331999E+02, -0.26497623E+01,  0.52000526E+00,  0.95270122E-07, -0.97208532E-01
     858.,  0.10812349E+02,  0.25331999E+02, -0.26497623E+01,  0.46821199E+00,  0.11311695E-06,  0.21008586E+00
     859.,  0.11749849E+02,  0.25331999E+02, -0.26497623E+01,  0.41641872E+00,  0.13096377E-06,  0.51738026E+00
     860.,  0.12687349E+02,  0.25331999E+02, -0.26497623E+01,  0.36462544E+00,  0.14881059E-06,  0.82467465E+00
     861.,  0.13624849E+02,  0.25331999E+02, -0.26497623E+01,  0.31283217E+00,  0.16665740E-06,  0.11319690E+01
     862.,  0.14562349E+02,  0.25331999E+02, -0.26497623E+01,  0.26103889E+00,  0.18450423E-06,  0.14392634E+01
     863.,  0.15499849E+02,  0.25331999E+02, -0.26497623E+01,  0.20924562E+00,  0.20235104E-06,  0.17465578E+01
     864.,  0.16437349E+02,  0.25331999E+02, -0.26497623E+01,  0.15779874E+00, -0.43018662E-01,  0.20517906E+01
     865.,  0.17374849E+02,  0.25331999E+02, -0.26497623E+01,  0.10598788E+00, -0.91965775E-01,  0.23560108E+01
     866.,  0.18312349E+02,  0.25331999E+02, -0.26497623E+01,  0.52942393E-01, -0.11495460E+00,  0.26649935E+01
     867.,  0.33123489E+01,  0.25331999E+02, -0.33758040E+01,  0.11204528E+01, -0.16924073E-01, -0.22075040E+01
     868.,  0.42498489E+01,  0.25331999E+02, -0.33758040E+01,  0.10687473E+01, -0.86303649E-07, -0.19008639E+01
     869.,  0.51873489E+01,  0.25331999E+02, -0.33758040E+01,  0.10169541E+01, -0.68456829E-07, -0.15935695E+01
     870.,  0.61248489E+01,  0.25331999E+02, -0.33758040E+01,  0.96516080E+00, -0.50610000E-07, -0.12862751E+01
     871.,  0.70623489E+01,  0.25331999E+02, -0.33758040E+01,  0.91336752E+00, -0.32763190E-07, -0.97898070E+00
     872.,  0.79998489E+01,  0.25331999E+02, -0.33758040E+01,  0.86157425E+00, -0.14916361E-07, -0.67168631E+00
     873.,  0.89373489E+01,  0.25331999E+02, -0.33758040E+01,  0.80978097E+00,  0.29304629E-08, -0.36439191E+00
     874.,  0.98748489E+01,  0.25331999E+02, -0.33758040E+01,  0.75798770E+00,  0.20777271E-07, -0.57097519E-01
     875.,  0.10812349E+02,  0.25331999E+02, -0.33758040E+01,  0.70619443E+00,  0.38624096E-07,  0.25019688E+00
     876.,  0.11749849E+02,  0.25331999E+02, -0.33758040E+01,  0.65440115E+00,  0.56470914E-07,  0.55749127E+00
     877.,  0.12687349E+02,  0.25331999E+02, -0.33758040E+01,  0.60260788E+00,  0.74317733E-07,  0.86478567E+00
     878.,  0.13624849E+02,  0.25331999E+02, -0.33758040E+01,  0.55081460E+00,  0.92164553E-07,  0.11720801E+01
     879.,  0.14562349E+02,  0.25331999E+02, -0.33758040E+01,  0.49902133E+00,  0.11001138E-06,  0.14793745E+01
     880.,  0.15499849E+02,  0.25331999E+02, -0.33758040E+01,  0.44722806E+00,  0.12785819E-06,  0.17866689E+01
     881.,  0.16437349E+02,  0.25331999E+02, -0.33758040E+01,  0.39543478E+00,  0.14570502E-06,  0.20939632E+01
     882.,  0.17374849E+02,  0.25331999E+02, -0.33758040E+01,  0.34394302E+00, -0.20762141E-01,  0.24006707E+01
     883.,  0.18312349E+02,  0.25331999E+02, -0.33758040E+01,  0.29173508E+00, -0.30306773E-01,  0.27084978E+01
     884.,  0.33123489E+01,  0.25331999E+02, -0.41018457E+01,  0.13584862E+01,  0.18161480E-02, -0.21679142E+01
     885.,  0.42498489E+01,  0.25331999E+02, -0.41018457E+01,  0.13067298E+01, -0.16079650E-06, -0.18607529E+01
     886.,  0.51873489E+01,  0.25331999E+02, -0.41018457E+01,  0.12549365E+01, -0.14294969E-06, -0.15534585E+01
     887.,  0.61248489E+01,  0.25331999E+02, -0.41018457E+01,  0.12031432E+01, -0.12510286E-06, -0.12461641E+01
     888.,  0.70623489E+01,  0.25331999E+02, -0.41018457E+01,  0.11513500E+01, -0.10725604E-06, -0.93886969E+00
     889.,  0.79998489E+01,  0.25331999E+02, -0.41018457E+01,  0.10995567E+01, -0.89409224E-07, -0.63157530E+00
     890.,  0.89373489E+01,  0.25331999E+02, -0.41018457E+01,  0.10477634E+01, -0.71562404E-07, -0.32428090E+00
     891.,  0.98748489E+01,  0.25331999E+02, -0.41018457E+01,  0.99597014E+00, -0.53715585E-07, -0.16986505E-01
     892.,  0.10812349E+02,  0.25331999E+02, -0.41018457E+01,  0.94417686E+00, -0.35868760E-07,  0.29030789E+00
     893.,  0.11749849E+02,  0.25331999E+02, -0.41018457E+01,  0.89238359E+00, -0.18021942E-07,  0.59760229E+00
     894.,  0.12687349E+02,  0.25331999E+02, -0.41018457E+01,  0.84059032E+00, -0.17513083E-09,  0.90489668E+00
     895.,  0.13624849E+02,  0.25331999E+02, -0.41018457E+01,  0.78879704E+00,  0.17671699E-07,  0.12121911E+01
     896.,  0.14562349E+02,  0.25331999E+02, -0.41018457E+01,  0.73700377E+00,  0.35518524E-07,  0.15194855E+01
     897.,  0.15499849E+02,  0.25331999E+02, -0.41018457E+01,  0.68521049E+00,  0.53365349E-07,  0.18267799E+01
     898.,  0.16437349E+02,  0.25331999E+02, -0.41018457E+01,  0.63341722E+00,  0.71212168E-07,  0.21340743E+01
     899.,  0.17374849E+02,  0.25331999E+02, -0.41018457E+01,  0.58162395E+00,  0.89058993E-07,  0.24413687E+01
     900.,  0.18312349E+02,  0.25331999E+02, -0.41018457E+01,  0.52992495E+00, -0.34584924E-02,  0.27486707E+01
     901.,  0.33123489E+01,  0.25331999E+02, -0.48278873E+01,  0.15965055E+01, -0.25313616E-06, -0.21279363E+01
     902.,  0.42498489E+01,  0.25331999E+02, -0.48278873E+01,  0.15447122E+01, -0.23528936E-06, -0.18206419E+01
     903.,  0.51873489E+01,  0.25331999E+02, -0.48278873E+01,  0.14929189E+01, -0.21744254E-06, -0.15133475E+01
     904.,  0.61248489E+01,  0.25331999E+02, -0.48278873E+01,  0.14411257E+01, -0.19959571E-06, -0.12060531E+01
     905.,  0.70623489E+01,  0.25331999E+02, -0.48278873E+01,  0.13893324E+01, -0.18174889E-06, -0.89875868E+00
     906.,  0.79998489E+01,  0.25331999E+02, -0.48278873E+01,  0.13375391E+01, -0.16390207E-06, -0.59146428E+00
     907.,  0.89373489E+01,  0.25331999E+02, -0.48278873E+01,  0.12857458E+01, -0.14605526E-06, -0.28416989E+00
     908.,  0.98748489E+01,  0.25331999E+02, -0.48278873E+01,  0.12339526E+01, -0.12820843E-06,  0.23124508E-01
     909.,  0.10812349E+02,  0.25331999E+02, -0.48278873E+01,  0.11821593E+01, -0.11036162E-06,  0.33041890E+00
     910.,  0.11749849E+02,  0.25331999E+02, -0.48278873E+01,  0.11303660E+01, -0.92514795E-07,  0.63771330E+00
     911.,  0.12687349E+02,  0.25331999E+02, -0.48278873E+01,  0.10785728E+01, -0.74667976E-07,  0.94500769E+00
     912.,  0.13624849E+02,  0.25331999E+02, -0.48278873E+01,  0.10267795E+01, -0.56821157E-07,  0.12523021E+01
     913.,  0.14562349E+02,  0.25331999E+02, -0.48278873E+01,  0.97498621E+00, -0.38974331E-07,  0.15595965E+01
     914.,  0.15499849E+02,  0.25331999E+02, -0.48278873E+01,  0.92319293E+00, -0.21127514E-07,  0.18668909E+01
     915.,  0.16437349E+02,  0.25331999E+02, -0.48278873E+01,  0.87139966E+00, -0.32806814E-08,  0.21741853E+01
     916.,  0.17374849E+02,  0.25331999E+02, -0.48278873E+01,  0.81960638E+00,  0.14566136E-07,  0.24814797E+01
     917.,  0.18312349E+02,  0.25331999E+02, -0.48278873E+01,  0.76781311E+00,  0.32412950E-07,  0.27887741E+01
     918.,  0.33123489E+01,  0.25331999E+02, -0.55539290E+01,  0.18344879E+01, -0.32762904E-06, -0.20878252E+01
     919.,  0.42498489E+01,  0.25331999E+02, -0.55539290E+01,  0.17826947E+01, -0.30978221E-06, -0.17805309E+01
     920.,  0.51873489E+01,  0.25331999E+02, -0.55539290E+01,  0.17309014E+01, -0.29193540E-06, -0.14732365E+01
     921.,  0.61248489E+01,  0.25331999E+02, -0.55539290E+01,  0.16791081E+01, -0.27408857E-06, -0.11659421E+01
     922.,  0.70623489E+01,  0.25331999E+02, -0.55539290E+01,  0.16273148E+01, -0.25624176E-06, -0.85864766E+00
     923.,  0.79998489E+01,  0.25331999E+02, -0.55539290E+01,  0.15755216E+01, -0.23839493E-06, -0.55135327E+00
     924.,  0.89373489E+01,  0.25331999E+02, -0.55539290E+01,  0.15237283E+01, -0.22054811E-06, -0.24405887E+00
     925.,  0.98748489E+01,  0.25331999E+02, -0.55539290E+01,  0.14719350E+01, -0.20270129E-06,  0.63235521E-01
     926.,  0.10812349E+02,  0.25331999E+02, -0.55539290E+01,  0.14201417E+01, -0.18485445E-06,  0.37052992E+00
     927.,  0.11749849E+02,  0.25331999E+02, -0.55539290E+01,  0.13683485E+01, -0.16700764E-06,  0.67782431E+00
     928.,  0.12687349E+02,  0.25331999E+02, -0.55539290E+01,  0.13165552E+01, -0.14916082E-06,  0.98511871E+00
     929.,  0.13624849E+02,  0.25331999E+02, -0.55539290E+01,  0.12647619E+01, -0.13131400E-06,  0.12924131E+01
     930.,  0.14562349E+02,  0.25331999E+02, -0.55539290E+01,  0.12129686E+01, -0.11346718E-06,  0.15997075E+01
     931.,  0.15499849E+02,  0.25331999E+02, -0.55539290E+01,  0.11611754E+01, -0.95620369E-07,  0.19070019E+01
     932.,  0.16437349E+02,  0.25331999E+02, -0.55539290E+01,  0.11093821E+01, -0.77773532E-07,  0.22142963E+01
     933.,  0.17374849E+02,  0.25331999E+02, -0.55539290E+01,  0.10575888E+01, -0.59926718E-07,  0.25215907E+01
     934.,  0.18312349E+02,  0.25331999E+02, -0.55539290E+01,  0.10057955E+01, -0.42079913E-07,  0.28288851E+01
     935.,  0.33123489E+01,  0.25331999E+02, -0.62799707E+01,  0.20724704E+01, -0.40212187E-06, -0.20477142E+01
     936.,  0.42498489E+01,  0.25331999E+02, -0.62799707E+01,  0.20206771E+01, -0.38427507E-06, -0.17404198E+01
     937.,  0.51873489E+01,  0.25331999E+02, -0.62799707E+01,  0.19688838E+01, -0.36642825E-06, -0.14331254E+01
     938.,  0.61248489E+01,  0.25331999E+02, -0.62799707E+01,  0.19170905E+01, -0.34858142E-06, -0.11258310E+01
     939.,  0.70623489E+01,  0.25331999E+02, -0.62799707E+01,  0.18652973E+01, -0.33073461E-06, -0.81853665E+00
     940.,  0.79998489E+01,  0.25331999E+02, -0.62799707E+01,  0.18135040E+01, -0.31288778E-06, -0.51124226E+00
     941.,  0.89373489E+01,  0.25331999E+02, -0.62799707E+01,  0.17617107E+01, -0.29504096E-06, -0.20394786E+00
     942.,  0.98748489E+01,  0.25331999E+02, -0.62799707E+01,  0.17099174E+01, -0.27719413E-06,  0.10334653E+00
     943.,  0.10812349E+02,  0.25331999E+02, -0.62799707E+01,  0.16581242E+01, -0.25934731E-06,  0.41064093E+00
     944.,  0.11749849E+02,  0.25331999E+02, -0.62799707E+01,  0.16063309E+01, -0.24150048E-06,  0.71793533E+00
     945.,  0.12687349E+02,  0.25331999E+02, -0.62799707E+01,  0.15545376E+01, -0.22365369E-06,  0.10252297E+01
     946.,  0.13624849E+02,  0.25331999E+02, -0.62799707E+01,  0.15027444E+01, -0.20580686E-06,  0.13325241E+01
     947.,  0.14562349E+02,  0.25331999E+02, -0.62799707E+01,  0.14509511E+01, -0.18796004E-06,  0.16398185E+01
     948.,  0.15499849E+02,  0.25331999E+02, -0.62799707E+01,  0.13991578E+01, -0.17011321E-06,  0.19471129E+01
     949.,  0.16437349E+02,  0.25331999E+02, -0.62799707E+01,  0.13473645E+01, -0.15226639E-06,  0.22544073E+01
     950.,  0.17374849E+02,  0.25331999E+02, -0.62799707E+01,  0.12955713E+01, -0.13441958E-06,  0.25617017E+01
     951.,  0.18312349E+02,  0.25331999E+02, -0.62799707E+01,  0.12437780E+01, -0.11657275E-06,  0.28689961E+01
     952.,  0.33123489E+01,  0.25331999E+02, -0.70060123E+01,  0.23104528E+01, -0.47661473E-06, -0.20076032E+01
     953.,  0.42498489E+01,  0.25331999E+02, -0.70060123E+01,  0.22586595E+01, -0.45876792E-06, -0.17003088E+01
     954.,  0.51873489E+01,  0.25331999E+02, -0.70060123E+01,  0.22068663E+01, -0.44092110E-06, -0.13930144E+01
     955.,  0.61248489E+01,  0.25331999E+02, -0.70060123E+01,  0.21550730E+01, -0.42307427E-06, -0.10857200E+01
     956.,  0.70623489E+01,  0.25331999E+02, -0.70060123E+01,  0.21032797E+01, -0.40522745E-06, -0.77842564E+00
     957.,  0.79998489E+01,  0.25331999E+02, -0.70060123E+01,  0.20514864E+01, -0.38738064E-06, -0.47113124E+00
     958.,  0.89373489E+01,  0.25331999E+02, -0.70060123E+01,  0.19996932E+01, -0.36953380E-06, -0.16383685E+00
     959.,  0.98748489E+01,  0.25331999E+02, -0.70060123E+01,  0.19478999E+01, -0.35168699E-06,  0.14345755E+00
     960.,  0.10812349E+02,  0.25331999E+02, -0.70060123E+01,  0.18961066E+01, -0.33384016E-06,  0.45075194E+00
     961.,  0.11749849E+02,  0.25331999E+02, -0.70060123E+01,  0.18443133E+01, -0.31599334E-06,  0.75804634E+00
     962.,  0.12687349E+02,  0.25331999E+02, -0.70060123E+01,  0.17925201E+01, -0.29814653E-06,  0.10653407E+01
     963.,  0.13624849E+02,  0.25331999E+02, -0.70060123E+01,  0.17407268E+01, -0.28029971E-06,  0.13726351E+01
     964.,  0.14562349E+02,  0.25331999E+02, -0.70060123E+01,  0.16889335E+01, -0.26245289E-06,  0.16799295E+01
     965.,  0.15499849E+02,  0.25331999E+02, -0.70060123E+01,  0.16371402E+01, -0.24460607E-06,  0.19872239E+01
     966.,  0.16437349E+02,  0.25331999E+02, -0.70060123E+01,  0.15853470E+01, -0.22675924E-06,  0.22945183E+01
     967.,  0.17374849E+02,  0.25331999E+02, -0.70060123E+01,  0.15335537E+01, -0.20891242E-06,  0.26018127E+01
     968.,  0.18312349E+02,  0.25331999E+02, -0.70060123E+01,  0.14817604E+01, -0.19106561E-06,  0.29091071E+01
     969.,  0.33123489E+01,  0.25331999E+02, -0.77320540E+01,  0.25484352E+01, -0.55110759E-06, -0.19674922E+01
     970.,  0.42498489E+01,  0.25331999E+02, -0.77320540E+01,  0.24966420E+01, -0.53326077E-06, -0.16601978E+01
     971.,  0.51873489E+01,  0.25331999E+02, -0.77320540E+01,  0.24448487E+01, -0.51541394E-06, -0.13529034E+01
     972.,  0.61248489E+01,  0.25331999E+02, -0.77320540E+01,  0.23930554E+01, -0.49756713E-06, -0.10456090E+01
     973.,  0.70623489E+01,  0.25331999E+02, -0.77320540E+01,  0.23412621E+01, -0.47972030E-06, -0.73831463E+00
     974.,  0.79998489E+01,  0.25331999E+02, -0.77320540E+01,  0.22894689E+01, -0.46187347E-06, -0.43102023E+00
     975.,  0.89373489E+01,  0.25331999E+02, -0.77320540E+01,  0.22376756E+01, -0.44402666E-06, -0.12372583E+00
     976.,  0.98748489E+01,  0.25331999E+02, -0.77320540E+01,  0.21858823E+01, -0.42617984E-06,  0.18356856E+00
     977.,  0.10812349E+02,  0.25331999E+02, -0.77320540E+01,  0.21340891E+01, -0.40833302E-06,  0.49086296E+00
     978.,  0.11749849E+02,  0.25331999E+02, -0.77320540E+01,  0.20822958E+01, -0.39048621E-06,  0.79815735E+00
     979.,  0.12687349E+02,  0.25331999E+02, -0.77320540E+01,  0.20305025E+01, -0.37263938E-06,  0.11054517E+01
     980.,  0.13624849E+02,  0.25331999E+02, -0.77320540E+01,  0.19787092E+01, -0.35479257E-06,  0.14127461E+01
     981.,  0.14562349E+02,  0.25331999E+02, -0.77320540E+01,  0.19269160E+01, -0.33694574E-06,  0.17200405E+01
     982.,  0.15499849E+02,  0.25331999E+02, -0.77320540E+01,  0.18751227E+01, -0.31909892E-06,  0.20273349E+01
     983.,  0.16437349E+02,  0.25331999E+02, -0.77320540E+01,  0.18233294E+01, -0.30125210E-06,  0.23346293E+01
     984.,  0.17374849E+02,  0.25331999E+02, -0.77320540E+01,  0.17715361E+01, -0.28340528E-06,  0.26419237E+01
     985.,  0.18312349E+02,  0.25331999E+02, -0.77320540E+01,  0.17197429E+01, -0.26555846E-06,  0.29492181E+01
     986.,  0.33123489E+01,  0.25331999E+02, -0.84580957E+01,  0.27864177E+01, -0.62560043E-06, -0.19273812E+01
     987.,  0.42498489E+01,  0.25331999E+02, -0.84580957E+01,  0.27346244E+01, -0.60775362E-06, -0.16200868E+01
     988.,  0.51873489E+01,  0.25331999E+02, -0.84580957E+01,  0.26828311E+01, -0.58990680E-06, -0.13127924E+01
     989.,  0.61248489E+01,  0.25331999E+02, -0.84580957E+01,  0.26310379E+01, -0.57205998E-06, -0.10054980E+01
     990.,  0.70623489E+01,  0.25331999E+02, -0.84580957E+01,  0.25792446E+01, -0.55421315E-06, -0.69820361E+00
     991.,  0.79998489E+01,  0.25331999E+02, -0.84580957E+01,  0.25274513E+01, -0.53636633E-06, -0.39090922E+00
     992.,  0.89373489E+01,  0.25331999E+02, -0.84580957E+01,  0.24756580E+01, -0.51851952E-06, -0.83614821E-01
     993.,  0.98748489E+01,  0.25331999E+02, -0.84580957E+01,  0.24238648E+01, -0.50067269E-06,  0.22367957E+00
     994.,  0.10812349E+02,  0.25331999E+02, -0.84580957E+01,  0.23720715E+01, -0.48282587E-06,  0.53097397E+00
     995.,  0.11749849E+02,  0.25331999E+02, -0.84580957E+01,  0.23202782E+01, -0.46497904E-06,  0.83826837E+00
     996.,  0.12687349E+02,  0.25331999E+02, -0.84580957E+01,  0.22684849E+01, -0.44713223E-06,  0.11455628E+01
     997.,  0.13624849E+02,  0.25331999E+02, -0.84580957E+01,  0.22166917E+01, -0.42928541E-06,  0.14528572E+01
     998.,  0.14562349E+02,  0.25331999E+02, -0.84580957E+01,  0.21648984E+01, -0.41143859E-06,  0.17601516E+01
     999.,  0.15499849E+02,  0.25331999E+02, -0.84580957E+01,  0.21131051E+01, -0.39359177E-06,  0.20674459E+01
    1000.,  0.16437349E+02,  0.25331999E+02, -0.84580957E+01,  0.20613118E+01, -0.37574495E-06,  0.23747403E+01
    1001.,  0.17374849E+02,  0.25331999E+02, -0.84580957E+01,  0.20095186E+01, -0.35789813E-06,  0.26820347E+01
    1002.,  0.18312349E+02,  0.25331999E+02, -0.84580957E+01,  0.19577253E+01, -0.34005131E-06,  0.29893291E+01
    1003.,  0.33123489E+01,  0.25331999E+02, -0.91841373E+01,  0.30244001E+01, -0.70009329E-06, -0.18872702E+01
    1004.,  0.42498489E+01,  0.25331999E+02, -0.91841373E+01,  0.29726068E+01, -0.68224647E-06, -0.15799758E+01
    1005.,  0.51873489E+01,  0.25331999E+02, -0.91841373E+01,  0.29208136E+01, -0.66439965E-06, -0.12726814E+01
    1006.,  0.61248489E+01,  0.25331999E+02, -0.91841373E+01,  0.28690203E+01, -0.64655283E-06, -0.96538699E+00
    1007.,  0.70623489E+01,  0.25331999E+02, -0.91841373E+01,  0.28172270E+01, -0.62870601E-06, -0.65809260E+00
    1008.,  0.79998489E+01,  0.25331999E+02, -0.91841373E+01,  0.27654337E+01, -0.61085919E-06, -0.35079820E+00
    1009.,  0.89373489E+01,  0.25331999E+02, -0.91841373E+01,  0.27136405E+01, -0.59301236E-06, -0.43503808E-01
    1010.,  0.98748489E+01,  0.25331999E+02, -0.91841373E+01,  0.26618472E+01, -0.57516555E-06,  0.26379059E+00
    1011.,  0.10812349E+02,  0.25331999E+02, -0.91841373E+01,  0.26100539E+01, -0.55731873E-06,  0.57108498E+00
    1012.,  0.11749849E+02,  0.25331999E+02, -0.91841373E+01,  0.25582607E+01, -0.53947190E-06,  0.87837938E+00
    1013.,  0.12687349E+02,  0.25331999E+02, -0.91841373E+01,  0.25064674E+01, -0.52162510E-06,  0.11856738E+01
    1014.,  0.13624849E+02,  0.25331999E+02, -0.91841373E+01,  0.24546741E+01, -0.50377827E-06,  0.14929682E+01
    1015.,  0.14562349E+02,  0.25331999E+02, -0.91841373E+01,  0.24028808E+01, -0.48593144E-06,  0.18002626E+01
    1016.,  0.15499849E+02,  0.25331999E+02, -0.91841373E+01,  0.23510876E+01, -0.46808462E-06,  0.21075570E+01
    1017.,  0.16437349E+02,  0.25331999E+02, -0.91841373E+01,  0.22992943E+01, -0.45023780E-06,  0.24148514E+01
    1018.,  0.17374849E+02,  0.25331999E+02, -0.91841373E+01,  0.22475010E+01, -0.43239098E-06,  0.27221458E+01
    1019.,  0.18312349E+02,  0.25331999E+02, -0.91841373E+01,  0.21957077E+01, -0.41454417E-06,  0.30294401E+01
    1020.,  0.33123489E+01,  0.25331999E+02, -0.99101790E+01,  0.32623826E+01, -0.77458614E-06, -0.18471592E+01
    1021.,  0.42498489E+01,  0.25331999E+02, -0.99101790E+01,  0.32105893E+01, -0.75673933E-06, -0.15398648E+01
    1022.,  0.51873489E+01,  0.25331999E+02, -0.99101790E+01,  0.31587960E+01, -0.73889251E-06, -0.12325704E+01
    1023.,  0.61248489E+01,  0.25331999E+02, -0.99101790E+01,  0.31070027E+01, -0.72104568E-06, -0.92527598E+00
    1024.,  0.70623489E+01,  0.25331999E+02, -0.99101790E+01,  0.30552095E+01, -0.70319887E-06, -0.61798159E+00
    1025.,  0.79998489E+01,  0.25331999E+02, -0.99101790E+01,  0.30034162E+01, -0.68535205E-06, -0.31068719E+00
    1026.,  0.89373489E+01,  0.25331999E+02, -0.99101790E+01,  0.29516229E+01, -0.66750523E-06, -0.33927945E-02
    1027.,  0.98748489E+01,  0.25331999E+02, -0.99101790E+01,  0.28998296E+01, -0.64965840E-06,  0.30390160E+00
    1028.,  0.10812349E+02,  0.25331999E+02, -0.99101790E+01,  0.28480364E+01, -0.63181157E-06,  0.61119600E+00
    1029.,  0.11749849E+02,  0.25331999E+02, -0.99101790E+01,  0.27962431E+01, -0.61396476E-06,  0.91849039E+00
    1030.,  0.12687349E+02,  0.25331999E+02, -0.99101790E+01,  0.27444498E+01, -0.59611794E-06,  0.12257848E+01
    1031.,  0.13624849E+02,  0.25331999E+02, -0.99101790E+01,  0.26926565E+01, -0.57827111E-06,  0.15330792E+01
    1032.,  0.14562349E+02,  0.25331999E+02, -0.99101790E+01,  0.26408633E+01, -0.56042429E-06,  0.18403736E+01
    1033.,  0.15499849E+02,  0.25331999E+02, -0.99101790E+01,  0.25890700E+01, -0.54257749E-06,  0.21476680E+01
    1034.,  0.16437349E+02,  0.25331999E+02, -0.99101790E+01,  0.25372767E+01, -0.52473066E-06,  0.24549624E+01
    1035.,  0.17374849E+02,  0.25331999E+02, -0.99101790E+01,  0.24854834E+01, -0.50688383E-06,  0.27622568E+01
    1036.,  0.18312349E+02,  0.25331999E+02, -0.99101790E+01,  0.24336902E+01, -0.48903702E-06,  0.30695512E+01
    1037.,  0.33123489E+01,  0.25331999E+02, -0.10636221E+02,  0.35003650E+01, -0.84907900E-06, -0.18070482E+01
    1038.,  0.42498489E+01,  0.25331999E+02, -0.10636221E+02,  0.34485717E+01, -0.83123218E-06, -0.14997538E+01
    1039.,  0.51873489E+01,  0.25331999E+02, -0.10636221E+02,  0.33967784E+01, -0.81338536E-06, -0.11924594E+01
    1040.,  0.61248489E+01,  0.25331999E+02, -0.10636221E+02,  0.33449852E+01, -0.79553853E-06, -0.88516497E+00
    1041.,  0.70623489E+01,  0.25331999E+02, -0.10636221E+02,  0.32931919E+01, -0.77769171E-06, -0.57787057E+00
    1042.,  0.79998489E+01,  0.25331999E+02, -0.10636221E+02,  0.32413986E+01, -0.75984490E-06, -0.27057618E+00
    1043.,  0.89373489E+01,  0.25331999E+02, -0.10636221E+02,  0.31896053E+01, -0.74199807E-06,  0.36718219E-01
    1044.,  0.98748489E+01,  0.25331999E+02, -0.10636221E+02,  0.31378121E+01, -0.72415125E-06,  0.34401261E+00
    1045.,  0.10812349E+02,  0.25331999E+02, -0.10636221E+02,  0.30860188E+01, -0.70630443E-06,  0.65130701E+00
    1046.,  0.11749849E+02,  0.25331999E+02, -0.10636221E+02,  0.30342255E+01, -0.68845762E-06,  0.95860141E+00
    1047.,  0.12687349E+02,  0.25331999E+02, -0.10636221E+02,  0.29824323E+01, -0.67061078E-06,  0.12658958E+01
    1048.,  0.13624849E+02,  0.25331999E+02, -0.10636221E+02,  0.29306390E+01, -0.65276398E-06,  0.15731902E+01
    1049.,  0.14562349E+02,  0.25331999E+02, -0.10636221E+02,  0.28788457E+01, -0.63491715E-06,  0.18804846E+01
    1050.,  0.15499849E+02,  0.25331999E+02, -0.10636221E+02,  0.28270524E+01, -0.61707034E-06,  0.21877790E+01
    1051.,  0.16437349E+02,  0.25331999E+02, -0.10636221E+02,  0.27752592E+01, -0.59922351E-06,  0.24950734E+01
    1052.,  0.17374849E+02,  0.25331999E+02, -0.10636221E+02,  0.27234659E+01, -0.58137669E-06,  0.28023678E+01
    1053.,  0.18312349E+02,  0.25331999E+02, -0.10636221E+02,  0.26716726E+01, -0.56352988E-06,  0.31096622E+01
    1054.,  0.33123489E+01,  0.25331999E+02, -0.11362262E+02,  0.37383474E+01, -0.92357184E-06, -0.17669371E+01
    1055.,  0.42498489E+01,  0.25331999E+02, -0.11362262E+02,  0.36865542E+01, -0.90572503E-06, -0.14596427E+01
    1056.,  0.51873489E+01,  0.25331999E+02, -0.11362262E+02,  0.36347609E+01, -0.88787821E-06, -0.11523483E+01
    1057.,  0.61248489E+01,  0.25331999E+02, -0.11362262E+02,  0.35829676E+01, -0.87003138E-06, -0.84505395E+00
    1058.,  0.70623489E+01,  0.25331999E+02, -0.11362262E+02,  0.35311743E+01, -0.85218456E-06, -0.53775956E+00
    1059.,  0.79998489E+01,  0.25331999E+02, -0.11362262E+02,  0.34793811E+01, -0.83433775E-06, -0.23046516E+00
    1060.,  0.89373489E+01,  0.25331999E+02, -0.11362262E+02,  0.34275878E+01, -0.81649093E-06,  0.76829232E-01
    1061.,  0.98748489E+01,  0.25331999E+02, -0.11362262E+02,  0.33757945E+01, -0.79864410E-06,  0.38412363E+00
    1062.,  0.10812349E+02,  0.25331999E+02, -0.11362262E+02,  0.33240012E+01, -0.78079728E-06,  0.69141802E+00
    1063.,  0.11749849E+02,  0.25331999E+02, -0.11362262E+02,  0.32722080E+01, -0.76295047E-06,  0.99871242E+00
    1064.,  0.12687349E+02,  0.25331999E+02, -0.11362262E+02,  0.32204147E+01, -0.74510364E-06,  0.13060068E+01
    1065.,  0.13624849E+02,  0.25331999E+02, -0.11362262E+02,  0.31686214E+01, -0.72725682E-06,  0.16133012E+01
    1066.,  0.14562349E+02,  0.25331999E+02, -0.11362262E+02,  0.31168281E+01, -0.70941000E-06,  0.19205956E+01
    1067.,  0.15499849E+02,  0.25331999E+02, -0.11362262E+02,  0.30650349E+01, -0.69156319E-06,  0.22278900E+01
    1068.,  0.16437349E+02,  0.25331999E+02, -0.11362262E+02,  0.30132416E+01, -0.67371636E-06,  0.25351844E+01
    1069.,  0.17374849E+02,  0.25331999E+02, -0.11362262E+02,  0.29614483E+01, -0.65586954E-06,  0.28424788E+01
    1070.,  0.18312349E+02,  0.25331999E+02, -0.11362262E+02,  0.29096550E+01, -0.63802272E-06,  0.31497732E+01
    1071.,  0.33123489E+01,  0.25331999E+02, -0.12088304E+02,  0.39763299E+01, -0.99806470E-06, -0.17268261E+01
    1072.,  0.42498489E+01,  0.25331999E+02, -0.12088304E+02,  0.39245366E+01, -0.98021789E-06, -0.14195317E+01
    1073.,  0.51873489E+01,  0.25331999E+02, -0.12088304E+02,  0.38727433E+01, -0.96237106E-06, -0.11122373E+01
    1074.,  0.61248489E+01,  0.25331999E+02, -0.12088304E+02,  0.38209500E+01, -0.94452424E-06, -0.80494294E+00
    1075.,  0.70623489E+01,  0.25331999E+02, -0.12088304E+02,  0.37691568E+01, -0.92667743E-06, -0.49764855E+00
    1076.,  0.79998489E+01,  0.25331999E+02, -0.12088304E+02,  0.37173635E+01, -0.90883060E-06, -0.19035415E+00
    1077.,  0.89373489E+01,  0.25331999E+02, -0.12088304E+02,  0.36655702E+01, -0.89098378E-06,  0.11694025E+00
    1078.,  0.98748489E+01,  0.25331999E+02, -0.12088304E+02,  0.36137769E+01, -0.87313695E-06,  0.42423464E+00
    1079.,  0.10812349E+02,  0.25331999E+02, -0.12088304E+02,  0.35619837E+01, -0.85529013E-06,  0.73152904E+00
    1080.,  0.11749849E+02,  0.25331999E+02, -0.12088304E+02,  0.35101904E+01, -0.83744331E-06,  0.10388234E+01
    1081.,  0.12687349E+02,  0.25331999E+02, -0.12088304E+02,  0.34583971E+01, -0.81959649E-06,  0.13461178E+01
    1082.,  0.13624849E+02,  0.25331999E+02, -0.12088304E+02,  0.34066039E+01, -0.80174967E-06,  0.16534122E+01
    1083.,  0.14562349E+02,  0.25331999E+02, -0.12088304E+02,  0.33548106E+01, -0.78390285E-06,  0.19607066E+01
    1084.,  0.15499849E+02,  0.25331999E+02, -0.12088304E+02,  0.33030173E+01, -0.76605604E-06,  0.22680010E+01
    1085.,  0.16437349E+02,  0.25331999E+02, -0.12088304E+02,  0.32512240E+01, -0.74820922E-06,  0.25752954E+01
    1086.,  0.17374849E+02,  0.25331999E+02, -0.12088304E+02,  0.31994308E+01, -0.73036239E-06,  0.28825898E+01
    1087.,  0.18312349E+02,  0.25331999E+02, -0.12088304E+02,  0.31476375E+01, -0.71251557E-06,  0.31898842E+01
    1088.,  0.33123489E+01,  0.25331999E+02, -0.12814346E+02,  0.42143123E+01, -0.10725576E-05, -0.16867151E+01
    1089.,  0.42498489E+01,  0.25331999E+02, -0.12814346E+02,  0.41625190E+01, -0.10547107E-05, -0.13794207E+01
    1090.,  0.51873489E+01,  0.25331999E+02, -0.12814346E+02,  0.41107258E+01, -0.10368639E-05, -0.10721263E+01
    1091.,  0.61248489E+01,  0.25331999E+02, -0.12814346E+02,  0.40589325E+01, -0.10190171E-05, -0.76483193E+00
    1092.,  0.70623489E+01,  0.25331999E+02, -0.12814346E+02,  0.40071392E+01, -0.10011703E-05, -0.45753753E+00
    1093.,  0.79998489E+01,  0.25331999E+02, -0.12814346E+02,  0.39553459E+01, -0.98332345E-06, -0.15024314E+00
    1094.,  0.89373489E+01,  0.25331999E+02, -0.12814346E+02,  0.39035527E+01, -0.96547664E-06,  0.15705126E+00
    1095.,  0.98748489E+01,  0.25331999E+02, -0.12814346E+02,  0.38517594E+01, -0.94762981E-06,  0.46434565E+00
    1096.,  0.10812349E+02,  0.25331999E+02, -0.12814346E+02,  0.37999661E+01, -0.92978300E-06,  0.77164005E+00
    1097.,  0.11749849E+02,  0.25331999E+02, -0.12814346E+02,  0.37481728E+01, -0.91193617E-06,  0.10789344E+01
    1098.,  0.12687349E+02,  0.25331999E+02, -0.12814346E+02,  0.36963796E+01, -0.89408935E-06,  0.13862288E+01
    1099.,  0.13624849E+02,  0.25331999E+02, -0.12814346E+02,  0.36445863E+01, -0.87624253E-06,  0.16935232E+01
    1100.,  0.14562349E+02,  0.25331999E+02, -0.12814346E+02,  0.35927930E+01, -0.85839570E-06,  0.20008176E+01
    1101.,  0.15499849E+02,  0.25331999E+02, -0.12814346E+02,  0.35409997E+01, -0.84054889E-06,  0.23081120E+01
    1102.,  0.16437349E+02,  0.25331999E+02, -0.12814346E+02,  0.34892065E+01, -0.82270206E-06,  0.26154064E+01
    1103.,  0.17374849E+02,  0.25331999E+02, -0.12814346E+02,  0.34374132E+01, -0.80485525E-06,  0.29227008E+01
    1104.,  0.18312349E+02,  0.25331999E+02, -0.12814346E+02,  0.33856199E+01, -0.78700843E-06,  0.32299952E+01
    1105.,  0.33123489E+01,  0.25331999E+02, -0.13540387E+02,  0.44522947E+01, -0.11470504E-05, -0.16466041E+01
    1106.,  0.42498489E+01,  0.25331999E+02, -0.13540387E+02,  0.44005015E+01, -0.11292036E-05, -0.13393097E+01
    1107.,  0.51873489E+01,  0.25331999E+02, -0.13540387E+02,  0.43487082E+01, -0.11113568E-05, -0.10320153E+01
    1108.,  0.61248489E+01,  0.25331999E+02, -0.13540387E+02,  0.42969149E+01, -0.10935100E-05, -0.72472091E+00
    1109.,  0.70623489E+01,  0.25331999E+02, -0.13540387E+02,  0.42451216E+01, -0.10756631E-05, -0.41742652E+00
    1110.,  0.79998489E+01,  0.25331999E+02, -0.13540387E+02,  0.41933284E+01, -0.10578163E-05, -0.11013212E+00
    1111.,  0.89373489E+01,  0.25331999E+02, -0.13540387E+02,  0.41415351E+01, -0.10399695E-05,  0.19716227E+00
    1112.,  0.98748489E+01,  0.25331999E+02, -0.13540387E+02,  0.40897418E+01, -0.10221227E-05,  0.50445667E+00
    1113.,  0.10812349E+02,  0.25331999E+02, -0.13540387E+02,  0.40379485E+01, -0.10042758E-05,  0.81175106E+00
    1114.,  0.11749849E+02,  0.25331999E+02, -0.13540387E+02,  0.39861553E+01, -0.98642902E-06,  0.11190455E+01
    1115.,  0.12687349E+02,  0.25331999E+02, -0.13540387E+02,  0.39343620E+01, -0.96858221E-06,  0.14263399E+01
    1116.,  0.13624849E+02,  0.25331999E+02, -0.13540387E+02,  0.38825687E+01, -0.95073538E-06,  0.17336342E+01
    1117.,  0.14562349E+02,  0.25331999E+02, -0.13540387E+02,  0.38307755E+01, -0.93288856E-06,  0.20409286E+01
    1118.,  0.15499849E+02,  0.25331999E+02, -0.13540387E+02,  0.37789822E+01, -0.91504175E-06,  0.23482230E+01
    1119.,  0.16437349E+02,  0.25331999E+02, -0.13540387E+02,  0.37271889E+01, -0.89719492E-06,  0.26555174E+01
    1120.,  0.17374849E+02,  0.25331999E+02, -0.13540387E+02,  0.36753956E+01, -0.87934810E-06,  0.29628118E+01
    1121.,  0.18312349E+02,  0.25331999E+02, -0.13540387E+02,  0.36236024E+01, -0.86150128E-06,  0.32701062E+01
    1122.,  0.33123489E+01,  0.25331999E+02, -0.14266429E+02,  0.46902772E+01, -0.12215433E-05, -0.16064931E+01
    1123.,  0.42498489E+01,  0.25331999E+02, -0.14266429E+02,  0.46384839E+01, -0.12036964E-05, -0.12991987E+01
    1124.,  0.51873489E+01,  0.25331999E+02, -0.14266429E+02,  0.45866906E+01, -0.11858496E-05, -0.99190430E+00
    1125.,  0.61248489E+01,  0.25331999E+02, -0.14266429E+02,  0.45348974E+01, -0.11680028E-05, -0.68460990E+00
    1126.,  0.70623489E+01,  0.25331999E+02, -0.14266429E+02,  0.44831041E+01, -0.11501560E-05, -0.37731551E+00
    1127.,  0.79998489E+01,  0.25331999E+02, -0.14266429E+02,  0.44313108E+01, -0.11323092E-05, -0.70021110E-01
    1128.,  0.89373489E+01,  0.25331999E+02, -0.14266429E+02,  0.43795175E+01, -0.11144623E-05,  0.23727329E+00
    1129.,  0.98748489E+01,  0.25331999E+02, -0.14266429E+02,  0.43277243E+01, -0.10966155E-05,  0.54456768E+00
    1130.,  0.10812349E+02,  0.25331999E+02, -0.14266429E+02,  0.42759310E+01, -0.10787687E-05,  0.85186208E+00
    1131.,  0.11749849E+02,  0.25331999E+02, -0.14266429E+02,  0.42241377E+01, -0.10609219E-05,  0.11591565E+01
    1132.,  0.12687349E+02,  0.25331999E+02, -0.14266429E+02,  0.41723444E+01, -0.10430750E-05,  0.14664509E+01
    1133.,  0.13624849E+02,  0.25331999E+02, -0.14266429E+02,  0.41205512E+01, -0.10252282E-05,  0.17737453E+01
    1134.,  0.14562349E+02,  0.25331999E+02, -0.14266429E+02,  0.40687579E+01, -0.10073814E-05,  0.20810397E+01
    1135.,  0.15499849E+02,  0.25331999E+02, -0.14266429E+02,  0.40169646E+01, -0.98953459E-06,  0.23883341E+01
    1136.,  0.16437349E+02,  0.25331999E+02, -0.14266429E+02,  0.39651713E+01, -0.97168777E-06,  0.26956284E+01
    1137.,  0.17374849E+02,  0.25331999E+02, -0.14266429E+02,  0.39133781E+01, -0.95384095E-06,  0.30029228E+01
    1138.,  0.18312349E+02,  0.25331999E+02, -0.14266429E+02,  0.38615848E+01, -0.93599414E-06,  0.33102172E+01
    1139.,  0.33123489E+01,  0.25331999E+02, -0.14992471E+02,  0.49282596E+01, -0.12960361E-05, -0.15663821E+01
    1140.,  0.42498489E+01,  0.25331999E+02, -0.14992471E+02,  0.48764663E+01, -0.12781893E-05, -0.12590877E+01
    1141.,  0.51873489E+01,  0.25331999E+02, -0.14992471E+02,  0.48246731E+01, -0.12603425E-05, -0.95179328E+00
    1142.,  0.61248489E+01,  0.25331999E+02, -0.14992471E+02,  0.47728798E+01, -0.12424956E-05, -0.64449889E+00
    1143.,  0.70623489E+01,  0.25331999E+02, -0.14992471E+02,  0.47210865E+01, -0.12246488E-05, -0.33720449E+00
    1144.,  0.79998489E+01,  0.25331999E+02, -0.14992471E+02,  0.46692932E+01, -0.12068020E-05, -0.29910097E-01
    1145.,  0.89373489E+01,  0.25331999E+02, -0.14992471E+02,  0.46175000E+01, -0.11889552E-05,  0.27738430E+00
    1146.,  0.98748489E+01,  0.25331999E+02, -0.14992471E+02,  0.45657067E+01, -0.11711084E-05,  0.58467869E+00
    1147.,  0.10812349E+02,  0.25331999E+02, -0.14992471E+02,  0.45139134E+01, -0.11532615E-05,  0.89197309E+00
    1148.,  0.11749849E+02,  0.25331999E+02, -0.14992471E+02,  0.44621202E+01, -0.11354147E-05,  0.11992675E+01
    1149.,  0.12687349E+02,  0.25331999E+02, -0.14992471E+02,  0.44103269E+01, -0.11175679E-05,  0.15065619E+01
    1150.,  0.13624849E+02,  0.25331999E+02, -0.14992471E+02,  0.43585336E+01, -0.10997211E-05,  0.18138563E+01
    1151.,  0.14562349E+02,  0.25331999E+02, -0.14992471E+02,  0.43067403E+01, -0.10818743E-05,  0.21211507E+01
    1152.,  0.15499849E+02,  0.25331999E+02, -0.14992471E+02,  0.42549471E+01, -0.10640275E-05,  0.24284451E+01
    1153.,  0.16437349E+02,  0.25331999E+02, -0.14992471E+02,  0.42031538E+01, -0.10461806E-05,  0.27357395E+01
    1154.,  0.17374849E+02,  0.25331999E+02, -0.14992471E+02,  0.41513605E+01, -0.10283338E-05,  0.30430339E+01
    1155.,  0.18312349E+02,  0.25331999E+02, -0.14992471E+02,  0.40995672E+01, -0.10104870E-05,  0.33503283E+01
    1156.,  0.33123489E+01,  0.25331999E+02, -0.15718512E+02,  0.51662421E+01, -0.13705290E-05, -0.15262711E+01
    1157.,  0.42498489E+01,  0.25331999E+02, -0.15718512E+02,  0.51144488E+01, -0.13526822E-05, -0.12189767E+01
    1158.,  0.51873489E+01,  0.25331999E+02, -0.15718512E+02,  0.50626555E+01, -0.13348353E-05, -0.91168227E+00
    1159.,  0.61248489E+01,  0.25331999E+02, -0.15718512E+02,  0.50108622E+01, -0.13169885E-05, -0.60438787E+00
    1160.,  0.70623489E+01,  0.25331999E+02, -0.15718512E+02,  0.49590690E+01, -0.12991417E-05, -0.29709348E+00
    1161.,  0.79998489E+01,  0.25331999E+02, -0.15718512E+02,  0.49072757E+01, -0.12812949E-05,  0.10200916E-01
    1162.,  0.89373489E+01,  0.25331999E+02, -0.15718512E+02,  0.48554824E+01, -0.12634480E-05,  0.31749531E+00
    1163.,  0.98748489E+01,  0.25331999E+02, -0.15718512E+02,  0.48036891E+01, -0.12456012E-05,  0.62478971E+00
    1164.,  0.10812349E+02,  0.25331999E+02, -0.15718512E+02,  0.47518959E+01, -0.12277544E-05,  0.93208410E+00
    1165.,  0.11749849E+02,  0.25331999E+02, -0.15718512E+02,  0.47001026E+01, -0.12099076E-05,  0.12393785E+01
    1166.,  0.12687349E+02,  0.25331999E+02, -0.15718512E+02,  0.46483093E+01, -0.11920608E-05,  0.15466729E+01
    1167.,  0.13624849E+02,  0.25331999E+02, -0.15718512E+02,  0.45965160E+01, -0.11742139E-05,  0.18539673E+01
    1168.,  0.14562349E+02,  0.25331999E+02, -0.15718512E+02,  0.45447228E+01, -0.11563671E-05,  0.21612617E+01
    1169.,  0.15499849E+02,  0.25331999E+02, -0.15718512E+02,  0.44929295E+01, -0.11385203E-05,  0.24685561E+01
    1170.,  0.16437349E+02,  0.25331999E+02, -0.15718512E+02,  0.44411362E+01, -0.11206735E-05,  0.27758505E+01
    1171.,  0.17374849E+02,  0.25331999E+02, -0.15718512E+02,  0.43893429E+01, -0.11028267E-05,  0.30831449E+01
    1172.,  0.18312349E+02,  0.25331999E+02, -0.15718512E+02,  0.43375497E+01, -0.10849798E-05,  0.33904393E+01
    1173.,  0.33123489E+01,  0.25331999E+02, -0.16444554E+02,  0.54042245E+01, -0.14450218E-05, -0.14861600E+01
    1174.,  0.42498489E+01,  0.25331999E+02, -0.16444554E+02,  0.53524312E+01, -0.14271750E-05, -0.11788657E+01
    1175.,  0.51873489E+01,  0.25331999E+02, -0.16444554E+02,  0.53006379E+01, -0.14093282E-05, -0.87157126E+00
    1176.,  0.61248489E+01,  0.25331999E+02, -0.16444554E+02,  0.52488447E+01, -0.13914813E-05, -0.56427686E+00
    1177.,  0.70623489E+01,  0.25331999E+02, -0.16444554E+02,  0.51970514E+01, -0.13736345E-05, -0.25698247E+00
    1178.,  0.79998489E+01,  0.25331999E+02, -0.16444554E+02,  0.51452581E+01, -0.13557877E-05,  0.50311930E-01
    1179.,  0.89373489E+01,  0.25331999E+02, -0.16444554E+02,  0.50934648E+01, -0.13379409E-05,  0.35760632E+00
    1180.,  0.98748489E+01,  0.25331999E+02, -0.16444554E+02,  0.50416716E+01, -0.13200941E-05,  0.66490072E+00
    1181.,  0.10812349E+02,  0.25331999E+02, -0.16444554E+02,  0.49898783E+01, -0.13022472E-05,  0.97219512E+00
    1182.,  0.11749849E+02,  0.25331999E+02, -0.16444554E+02,  0.49380850E+01, -0.12844004E-05,  0.12794895E+01
    1183.,  0.12687349E+02,  0.25331999E+02, -0.16444554E+02,  0.48862917E+01, -0.12665536E-05,  0.15867839E+01
    1184.,  0.13624849E+02,  0.25331999E+02, -0.16444554E+02,  0.48344985E+01, -0.12487068E-05,  0.18940783E+01
    1185.,  0.14562349E+02,  0.25331999E+02, -0.16444554E+02,  0.47827052E+01, -0.12308600E-05,  0.22013727E+01
    1186.,  0.15499849E+02,  0.25331999E+02, -0.16444554E+02,  0.47309119E+01, -0.12130132E-05,  0.25086671E+01
    1187.,  0.16437349E+02,  0.25331999E+02, -0.16444554E+02,  0.46791187E+01, -0.11951663E-05,  0.28159615E+01
    1188.,  0.17374849E+02,  0.25331999E+02, -0.16444554E+02,  0.46273254E+01, -0.11773195E-05,  0.31232559E+01
    1189.,  0.18312349E+02,  0.25331999E+02, -0.16444554E+02,  0.45755321E+01, -0.11594727E-05,  0.34305503E+01
    1190.,  0.33123489E+01,  0.25331999E+02, -0.17170596E+02,  0.56422069E+01, -0.15195147E-05, -0.14460490E+01
    1191.,  0.42498489E+01,  0.25331999E+02, -0.17170596E+02,  0.55904137E+01, -0.15016679E-05, -0.11387546E+01
    1192.,  0.51873489E+01,  0.25331999E+02, -0.17170596E+02,  0.55386204E+01, -0.14838210E-05, -0.83146024E+00
    1193.,  0.61248489E+01,  0.25331999E+02, -0.17170596E+02,  0.54868271E+01, -0.14659742E-05, -0.52416585E+00
    1194.,  0.70623489E+01,  0.25331999E+02, -0.17170596E+02,  0.54350338E+01, -0.14481274E-05, -0.21687145E+00
    1195.,  0.79998489E+01,  0.25331999E+02, -0.17170596E+02,  0.53832406E+01, -0.14302806E-05,  0.90422943E-01
    1196.,  0.89373489E+01,  0.25331999E+02, -0.17170596E+02,  0.53314473E+01, -0.14124337E-05,  0.39771734E+00
    1197.,  0.98748489E+01,  0.25331999E+02, -0.17170596E+02,  0.52796540E+01, -0.13945869E-05,  0.70501173E+00
    1198.,  0.10812349E+02,  0.25331999E+02, -0.17170596E+02,  0.52278607E+01, -0.13767401E-05,  0.10123061E+01
    1199.,  0.11749849E+02,  0.25331999E+02, -0.17170596E+02,  0.51760675E+01, -0.13588933E-05,  0.13196005E+01
    1200.,  0.12687349E+02,  0.25331999E+02, -0.17170596E+02,  0.51242742E+01, -0.13410465E-05,  0.16268949E+01
    1201.,  0.13624849E+02,  0.25331999E+02, -0.17170596E+02,  0.50724809E+01, -0.13231996E-05,  0.19341893E+01
    1202.,  0.14562349E+02,  0.25331999E+02, -0.17170596E+02,  0.50206876E+01, -0.13053528E-05,  0.22414837E+01
    1203.,  0.15499849E+02,  0.25331999E+02, -0.17170596E+02,  0.49688944E+01, -0.12875060E-05,  0.25487781E+01
    1204.,  0.16437349E+02,  0.25331999E+02, -0.17170596E+02,  0.49171011E+01, -0.12696592E-05,  0.28560725E+01
    1205.,  0.17374849E+02,  0.25331999E+02, -0.17170596E+02,  0.48653078E+01, -0.12518124E-05,  0.31633669E+01
    1206.,  0.18312349E+02,  0.25331999E+02, -0.17170596E+02,  0.48135145E+01, -0.12339655E-05,  0.34706613E+01
    1207.,  0.33123489E+01,  0.25331999E+02, -0.17896637E+02,  0.58801894E+01, -0.15940075E-05, -0.14059380E+01
    1208.,  0.42498489E+01,  0.25331999E+02, -0.17896637E+02,  0.58283961E+01, -0.15761607E-05, -0.10986436E+01
    1209.,  0.51873489E+01,  0.25331999E+02, -0.17896637E+02,  0.57766028E+01, -0.15583139E-05, -0.79134923E+00
    1210.,  0.61248489E+01,  0.25331999E+02, -0.17896637E+02,  0.57248095E+01, -0.15404670E-05, -0.48405483E+00
    1211.,  0.70623489E+01,  0.25331999E+02, -0.17896637E+02,  0.56730163E+01, -0.15226202E-05, -0.17676044E+00
    1212.,  0.79998489E+01,  0.25331999E+02, -0.17896637E+02,  0.56212230E+01, -0.15047734E-05,  0.13053396E+00
    1213.,  0.89373489E+01,  0.25331999E+02, -0.17896637E+02,  0.55694297E+01, -0.14869266E-05,  0.43782835E+00
    1214.,  0.98748489E+01,  0.25331999E+02, -0.17896637E+02,  0.55176364E+01, -0.14690798E-05,  0.74512275E+00
    1215.,  0.10812349E+02,  0.25331999E+02, -0.17896637E+02,  0.54658432E+01, -0.14512330E-05,  0.10524171E+01
    1216.,  0.11749849E+02,  0.25331999E+02, -0.17896637E+02,  0.54140499E+01, -0.14333861E-05,  0.13597115E+01
    1217.,  0.12687349E+02,  0.25331999E+02, -0.17896637E+02,  0.53622566E+01, -0.14155393E-05,  0.16670059E+01
    1218.,  0.13624849E+02,  0.25331999E+02, -0.17896637E+02,  0.53104633E+01, -0.13976925E-05,  0.19743003E+01
    1219.,  0.14562349E+02,  0.25331999E+02, -0.17896637E+02,  0.52586701E+01, -0.13798457E-05,  0.22815947E+01
    1220.,  0.15499849E+02,  0.25331999E+02, -0.17896637E+02,  0.52068768E+01, -0.13619989E-05,  0.25888891E+01
    1221.,  0.16437349E+02,  0.25331999E+02, -0.17896637E+02,  0.51550835E+01, -0.13441520E-05,  0.28961835E+01
    1222.,  0.17374849E+02,  0.25331999E+02, -0.17896637E+02,  0.51032903E+01, -0.13263052E-05,  0.32034779E+01
    1223.,  0.18312349E+02,  0.25331999E+02, -0.17896637E+02,  0.50514970E+01, -0.13084584E-05,  0.35107723E+01
    1224.,  0.33123489E+01,  0.25331999E+02, -0.18622679E+02,  0.61181718E+01, -0.16685004E-05, -0.13658270E+01
    1225.,  0.42498489E+01,  0.25331999E+02, -0.18622679E+02,  0.60663785E+01, -0.16506536E-05, -0.10585326E+01
    1226.,  0.51873489E+01,  0.25331999E+02, -0.18622679E+02,  0.60145853E+01, -0.16328067E-05, -0.75123822E+00
    1227.,  0.61248489E+01,  0.25331999E+02, -0.18622679E+02,  0.59627920E+01, -0.16149599E-05, -0.44394382E+00
    1228.,  0.70623489E+01,  0.25331999E+02, -0.18622679E+02,  0.59109987E+01, -0.15971131E-05, -0.13664943E+00
    1229.,  0.79998489E+01,  0.25331999E+02, -0.18622679E+02,  0.58592054E+01, -0.15792663E-05,  0.17064497E+00
    1230.,  0.89373489E+01,  0.25331999E+02, -0.18622679E+02,  0.58074122E+01, -0.15614195E-05,  0.47793936E+00
    1231.,  0.98748489E+01,  0.25331999E+02, -0.18622679E+02,  0.57556189E+01, -0.15435726E-05,  0.78523376E+00
    1232.,  0.10812349E+02,  0.25331999E+02, -0.18622679E+02,  0.57038256E+01, -0.15257258E-05,  0.10925282E+01
    1233.,  0.11749849E+02,  0.25331999E+02, -0.18622679E+02,  0.56520323E+01, -0.15078790E-05,  0.13998226E+01
    1234.,  0.12687349E+02,  0.25331999E+02, -0.18622679E+02,  0.56002391E+01, -0.14900322E-05,  0.17071169E+01
    1235.,  0.13624849E+02,  0.25331999E+02, -0.18622679E+02,  0.55484458E+01, -0.14721854E-05,  0.20144113E+01
    1236.,  0.14562349E+02,  0.25331999E+02, -0.18622679E+02,  0.54966525E+01, -0.14543385E-05,  0.23217057E+01
    1237.,  0.15499849E+02,  0.25331999E+02, -0.18622679E+02,  0.54448592E+01, -0.14364917E-05,  0.26290001E+01
    1238.,  0.16437349E+02,  0.25331999E+02, -0.18622679E+02,  0.53930660E+01, -0.14186449E-05,  0.29362945E+01
    1239.,  0.17374849E+02,  0.25331999E+02, -0.18622679E+02,  0.53412727E+01, -0.14007981E-05,  0.32435889E+01
    1240.,  0.18312349E+02,  0.25331999E+02, -0.18622679E+02,  0.52894794E+01, -0.13829513E-05,  0.35508833E+01
    1241.,  0.88907483E+01,  0.10100462E+03, -0.11976790E+01,  0.65772609E-03, -0.37506574E-02,  0.16079711E-03
    1242.,  0.90216325E+01,  0.10088094E+03, -0.11976790E+01,  0.62528244E-03, -0.37136129E-02,  0.16716664E-03
    1243.,  0.91795178E+01,  0.10075167E+03, -0.11976790E+01,  0.59910823E-03, -0.36450261E-02,  0.16336877E-03
    1244.,  0.93688664E+01,  0.10062053E+03, -0.11976790E+01,  0.58797134E-03, -0.35369967E-02,  0.15933100E-03
    1245.,  0.95933411E+01,  0.10049337E+03, -0.11976790E+01,  0.60071511E-03, -0.33880147E-02,  0.15537673E-03
    1246.,  0.98545190E+01,  0.10037833E+03, -0.11976790E+01,  0.64657234E-03, -0.32071812E-02,  0.15246221E-03
    1247.,  0.10150303E+02,  0.10028530E+03, -0.11976790E+01,  0.72619677E-03, -0.30209827E-02,  0.15052468E-03
    1248.,  0.10473624E+02,  0.10022430E+03, -0.11976790E+01,  0.82748889E-03, -0.28675301E-02,  0.14832621E-03
    1249.,  0.10812349E+02,  0.10020300E+03, -0.11976790E+01,  0.92595234E-03, -0.27800065E-02,  0.14626998E-03
    1250.,  0.11151074E+02,  0.10022430E+03, -0.11976790E+01,  0.99372416E-03, -0.27668940E-02,  0.14494848E-03
    1251.,  0.11474394E+02,  0.10028530E+03, -0.11976790E+01,  0.10118735E-02, -0.28068736E-02,  0.14416700E-03
    1252.,  0.11770179E+02,  0.10037833E+03, -0.11976790E+01,  0.97771745E-03, -0.28641659E-02,  0.14268973E-03
    1253.,  0.12031357E+02,  0.10049337E+03, -0.11976790E+01,  0.90202023E-03, -0.29086864E-02,  0.14120208E-03
    1254.,  0.12255831E+02,  0.10062053E+03, -0.11976790E+01,  0.80172021E-03, -0.29260614E-02,  0.13923688E-03
    1255.,  0.12445180E+02,  0.10075167E+03, -0.11976790E+01,  0.69199869E-03, -0.29152314E-02,  0.13968840E-03
    1256.,  0.12603065E+02,  0.10088094E+03, -0.11976790E+01,  0.58411829E-03, -0.28823366E-02,  0.13792637E-03
    1257.,  0.12733950E+02,  0.10100462E+03, -0.11976790E+01,  0.48416557E-03, -0.28350496E-02,  0.14255928E-03
    1258.,  0.12856786E+02,  0.10113729E+03, -0.11976790E+01,  0.38279901E-03, -0.27717568E-02,  0.14133683E-03
    1259.,  0.12984638E+02,  0.10129679E+03, -0.11976790E+01,  0.27028867E-03, -0.26833378E-02,  0.14477733E-03
    1260.,  0.13113701E+02,  0.10148736E+03, -0.11976790E+01,  0.15096029E-03, -0.25675895E-02,  0.14624225E-03
    1261.,  0.13238114E+02,  0.10171231E+03, -0.11976790E+01,  0.31224651E-04, -0.24250162E-02,  0.14715795E-03
    1262.,  0.13349872E+02,  0.10197288E+03, -0.11976790E+01, -0.80336688E-04, -0.22608456E-02,  0.14735379E-03
    1263.,  0.13439432E+02,  0.10226665E+03, -0.11976790E+01, -0.17523867E-03, -0.20851380E-02,  0.14741439E-03
    1264.,  0.13497286E+02,  0.10258649E+03, -0.11976790E+01, -0.24788684E-03, -0.19106255E-02,  0.14768079E-03
    1265.,  0.13516315E+02,  0.10292052E+03, -0.11976790E+01, -0.29728648E-03, -0.17494954E-02,  0.14820902E-03
    1266.,  0.13493999E+02,  0.10325394E+03, -0.11976790E+01, -0.32679127E-03, -0.16100948E-02,  0.14871553E-03
    1267.,  0.13433285E+02,  0.10357207E+03, -0.11976790E+01, -0.34178783E-03, -0.14956873E-02,  0.14899996E-03
    1268.,  0.13341575E+02,  0.10386337E+03, -0.11976790E+01, -0.34737218E-03, -0.14053700E-02,  0.14910683E-03
    1269.,  0.13228459E+02,  0.10412110E+03, -0.11976790E+01, -0.34726703E-03, -0.13359546E-02,  0.14913773E-03
    1270.,  0.13103404E+02,  0.10434321E+03, -0.11976790E+01, -0.34383466E-03, -0.12835681E-02,  0.14914497E-03
    1271.,  0.12974251E+02,  0.10453113E+03, -0.11976790E+01, -0.33848980E-03, -0.12445566E-02,  0.14914626E-03
    1272.,  0.12846686E+02,  0.10468832E+03, -0.11976790E+01, -0.33208146E-03, -0.12158305E-02,  0.14914647E-03
    1273.,  0.12724366E+02,  0.10481902E+03, -0.11976790E+01, -0.32516063E-03, -0.11949413E-02,  0.14914647E-03
    1274.,  0.12592945E+02,  0.10494197E+03, -0.11976790E+01, -0.31698600E-03, -0.11781287E-02,  0.14914682E-03
    1275.,  0.12434749E+02,  0.10507020E+03, -0.11976790E+01, -0.30620239E-03, -0.11641303E-02,  0.14914721E-03
    1276.,  0.12245466E+02,  0.10519999E+03, -0.11976790E+01, -0.29200945E-03, -0.11548228E-02,  0.14914818E-03
    1277.,  0.12021615E+02,  0.10532554E+03, -0.11976790E+01, -0.27339185E-03, -0.11526809E-02,  0.14914975E-03
    1278.,  0.11761787E+02,  0.10543884E+03, -0.11976790E+01, -0.24919342E-03, -0.11607371E-02,  0.14915161E-03
    1279.,  0.11468165E+02,  0.10553027E+03, -0.11976790E+01, -0.21827837E-03, -0.11822362E-02,  0.14915330E-03
    1280.,  0.11147739E+02,  0.10559012E+03, -0.11976790E+01, -0.17982258E-03, -0.12198995E-02,  0.14915399E-03
    1281.,  0.10812349E+02,  0.10561100E+03, -0.11976790E+01, -0.13367092E-03, -0.12749111E-02,  0.14915266E-03
    1282.,  0.10476959E+02,  0.10559012E+03, -0.11976790E+01, -0.80602964E-04, -0.13460964E-02,  0.14914850E-03
    1283.,  0.10156533E+02,  0.10553027E+03, -0.11976790E+01, -0.22326602E-04, -0.14298916E-02,  0.14914156E-03
    1284.,  0.98629112E+01,  0.10543884E+03, -0.11976790E+01,  0.38852383E-04, -0.15212655E-02,  0.14913286E-03
    1285.,  0.96030834E+01,  0.10532554E+03, -0.11976790E+01,  0.10053321E-03, -0.16150718E-02,  0.14912372E-03
    1286.,  0.93792318E+01,  0.10519999E+03, -0.11976790E+01,  0.16065468E-03, -0.17071082E-02,  0.14911524E-03
    1287.,  0.91899489E+01,  0.10507020E+03, -0.11976790E+01,  0.21771693E-03, -0.17945404E-02,  0.14910786E-03
    1288.,  0.90317525E+01,  0.10494197E+03, -0.11976790E+01,  0.27080450E-03, -0.18758142E-02,  0.14910171E-03
    1289.,  0.89003322E+01,  0.10481902E+03, -0.11976790E+01,  0.31946427E-03, -0.19503049E-02,  0.14909885E-03
    1290.,  0.87780118E+01,  0.10468832E+03, -0.11976790E+01,  0.36930724E-03, -0.20267824E-02,  0.14909859E-03
    1291.,  0.86504468E+01,  0.10453113E+03, -0.11976790E+01,  0.42711697E-03, -0.21160803E-02,  0.14910620E-03
    1292.,  0.85212943E+01,  0.10434321E+03, -0.11976790E+01,  0.49344474E-03, -0.22201734E-02,  0.14913361E-03
    1293.,  0.83962388E+01,  0.10412110E+03, -0.11976790E+01,  0.56800396E-03, -0.23410074E-02,  0.14920887E-03
    1294.,  0.82831228E+01,  0.10386337E+03, -0.11976790E+01,  0.64883169E-03, -0.24801090E-02,  0.14939555E-03
    1295.,  0.81914125E+01,  0.10357207E+03, -0.11976790E+01,  0.73133377E-03, -0.26379025E-02,  0.14977026E-03
    1296.,  0.81306984E+01,  0.10325394E+03, -0.11976790E+01,  0.80775629E-03, -0.28125651E-02,  0.15027065E-03
    1297.,  0.81083827E+01,  0.10292052E+03, -0.11976790E+01,  0.86810051E-03, -0.29986290E-02,  0.15071250E-03
    1298.,  0.81274120E+01,  0.10258649E+03, -0.11976790E+01,  0.90320133E-03, -0.31862155E-02,  0.15094053E-03
    1299.,  0.81852658E+01,  0.10226665E+03, -0.11976790E+01,  0.90875629E-03, -0.33622296E-02,  0.15113090E-03
    1300.,  0.82748255E+01,  0.10197288E+03, -0.11976790E+01,  0.88727016E-03, -0.35136493E-02,  0.15177952E-03
    1301.,  0.83865843E+01,  0.10171231E+03, -0.11976790E+01,  0.84637615E-03, -0.36311653E-02,  0.15355455E-03
    1302.,  0.85109971E+01,  0.10148736E+03, -0.11976790E+01,  0.79546776E-03, -0.37108876E-02,  0.15721698E-03
    1303.,  0.86400595E+01,  0.10129679E+03, -0.11976790E+01,  0.74334859E-03, -0.37537114E-02,  0.16124599E-03
    1304.,  0.87679120E+01,  0.10113729E+03, -0.11976790E+01,  0.69641544E-03, -0.37644520E-02,  0.16688979E-03
    1305.,  0.85521705E+01,  0.10066943E+03, -0.11976790E+01,  0.69029665E-03, -0.38282621E-02,  0.13738578E-03
    1306.,  0.87061158E+01,  0.10052395E+03, -0.11976790E+01,  0.68202669E-03, -0.38183096E-02,  0.12381910E-03
    1307.,  0.88918198E+01,  0.10037191E+03, -0.11976790E+01,  0.69104721E-03, -0.37717138E-02,  0.12805085E-03
    1308.,  0.91145309E+01,  0.10021766E+03, -0.11976790E+01,  0.72200193E-03, -0.36739377E-02,  0.13403054E-03
    1309.,  0.93785571E+01,  0.10006810E+03, -0.11976790E+01,  0.77944243E-03, -0.35135781E-02,  0.13945422E-03
    1310.,  0.96857534E+01,  0.99932792E+02, -0.11976790E+01,  0.85631494E-03, -0.32977055E-02,  0.14369287E-03
    1311.,  0.10033654E+02,  0.99823371E+02, -0.11976790E+01,  0.93693272E-03, -0.30601529E-02,  0.14681568E-03
    1312.,  0.10413942E+02,  0.99751623E+02, -0.11976790E+01,  0.10030777E-02, -0.28597019E-02,  0.15070145E-03
    1313.,  0.10812349E+02,  0.99726571E+02, -0.11976790E+01,  0.10440130E-02, -0.27518185E-02,  0.15422178E-03
    1314.,  0.11210756E+02,  0.99751623E+02, -0.11976790E+01,  0.10594377E-02, -0.27499787E-02,  0.15635910E-03
    1315.,  0.11591044E+02,  0.99823371E+02, -0.11976790E+01,  0.10531061E-02, -0.28158250E-02,  0.15745220E-03
    1316.,  0.11938944E+02,  0.99932792E+02, -0.11976790E+01,  0.10255013E-02, -0.28902395E-02,  0.15984252E-03
    1317.,  0.12246141E+02,  0.10006810E+03, -0.11976790E+01,  0.97539434E-03, -0.29309729E-02,  0.16217108E-03
    1318.,  0.12510167E+02,  0.10021766E+03, -0.11976790E+01,  0.90354705E-03, -0.29248954E-02,  0.16532573E-03
    1319.,  0.12732878E+02,  0.10037191E+03, -0.11976790E+01,  0.81593844E-03, -0.28796659E-02,  0.16439561E-03
    1320.,  0.12918582E+02,  0.10052395E+03, -0.11976790E+01,  0.71966422E-03, -0.28097572E-02,  0.16776007E-03
    1321.,  0.13072527E+02,  0.10066943E+03, -0.11976790E+01,  0.62233631E-03, -0.27287515E-02,  0.15878220E-03
    1322.,  0.13217007E+02,  0.10082547E+03, -0.11976790E+01,  0.51550163E-03, -0.26333721E-02,  0.16191437E-03
    1323.,  0.13367387E+02,  0.10101308E+03, -0.11976790E+01,  0.38862498E-03, -0.25154888E-02,  0.15607098E-03
    1324.,  0.13519189E+02,  0.10123722E+03, -0.11976790E+01,  0.24441794E-03, -0.23776157E-02,  0.15351057E-03
    1325.,  0.13665523E+02,  0.10150182E+03, -0.11976790E+01,  0.91396156E-04, -0.22267360E-02,  0.15218281E-03
    1326.,  0.13796973E+02,  0.10180829E+03, -0.11976790E+01, -0.56975933E-04, -0.20729052E-02,  0.15199753E-03
    1327.,  0.13902313E+02,  0.10215383E+03, -0.11976790E+01, -0.18497510E-03, -0.19259941E-02,  0.15196803E-03
    1328.,  0.13970360E+02,  0.10253002E+03, -0.11976790E+01, -0.28011070E-03, -0.17931324E-02,  0.15153033E-03
    1329.,  0.13992743E+02,  0.10292291E+03, -0.11976790E+01, -0.33863781E-03, -0.16769740E-02,  0.15055590E-03
    1330.,  0.13966495E+02,  0.10331507E+03, -0.11976790E+01, -0.36593745E-03, -0.15769291E-02,  0.14964303E-03
    1331.,  0.13895083E+02,  0.10368925E+03, -0.11976790E+01, -0.37207912E-03, -0.14914181E-02,  0.14918682E-03
    1332.,  0.13787214E+02,  0.10403187E+03, -0.11976790E+01, -0.36668413E-03, -0.14191122E-02,  0.14905898E-03
    1333.,  0.13654167E+02,  0.10433502E+03, -0.11976790E+01, -0.35641795E-03, -0.13589203E-02,  0.14904432E-03
    1334.,  0.13507078E+02,  0.10459626E+03, -0.11976790E+01, -0.34499012E-03, -0.13096749E-02,  0.14905643E-03
    1335.,  0.13355169E+02,  0.10481730E+03, -0.11976790E+01, -0.33412492E-03, -0.12700345E-02,  0.14907195E-03
    1336.,  0.13205128E+02,  0.10500218E+03, -0.11976790E+01, -0.32446534E-03, -0.12385782E-02,  0.14908545E-03
    1337.,  0.13061255E+02,  0.10515591E+03, -0.11976790E+01, -0.31611687E-03, -0.12139180E-02,  0.14909673E-03
    1338.,  0.12906679E+02,  0.10530052E+03, -0.11976790E+01, -0.30804195E-03, -0.11923873E-02,  0.14910661E-03
    1339.,  0.12720609E+02,  0.10545135E+03, -0.11976790E+01, -0.29938147E-03, -0.11723519E-02,  0.14911694E-03
    1340.,  0.12497975E+02,  0.10560401E+03, -0.11976790E+01, -0.29021833E-03, -0.11558659E-02,  0.14912646E-03
    1341.,  0.12234682E+02,  0.10575167E+03, -0.11976790E+01, -0.28057257E-03, -0.11460463E-02,  0.14913476E-03
    1342.,  0.11929074E+02,  0.10588494E+03, -0.11976790E+01, -0.27019838E-03, -0.11471878E-02,  0.14914171E-03
    1343.,  0.11583717E+02,  0.10599248E+03, -0.11976790E+01, -0.25828304E-03, -0.11644768E-02,  0.14914707E-03
    1344.,  0.11206833E+02,  0.10606288E+03, -0.11976790E+01, -0.24316134E-03, -0.12029399E-02,  0.14915098E-03
    1345.,  0.10812349E+02,  0.10608744E+03, -0.11976790E+01, -0.22237554E-03, -0.12656311E-02,  0.14915422E-03
    1346.,  0.10417865E+02,  0.10606288E+03, -0.11976790E+01, -0.19337591E-03, -0.13518521E-02,  0.14915781E-03
    1347.,  0.10040981E+02,  0.10599248E+03, -0.11976790E+01, -0.15465221E-03, -0.14567023E-02,  0.14916212E-03
    1348.,  0.96956242E+01,  0.10588494E+03, -0.11976790E+01, -0.10653118E-03, -0.15725221E-02,  0.14916638E-03
    1349.,  0.93900159E+01,  0.10575167E+03, -0.11976790E+01, -0.51061683E-04, -0.16913058E-02,  0.14916949E-03
    1350.,  0.91267226E+01,  0.10560401E+03, -0.11976790E+01,  0.88094570E-05, -0.18066197E-02,  0.14917066E-03
    1351.,  0.89040889E+01,  0.10545135E+03, -0.11976790E+01,  0.70138499E-04, -0.19143329E-02,  0.14917040E-03
    1352.,  0.87180189E+01,  0.10530052E+03, -0.11976790E+01,  0.13053608E-03, -0.20124025E-02,  0.14916909E-03
    1353.,  0.85634430E+01,  0.10515591E+03, -0.11976790E+01,  0.18835424E-03, -0.21002996E-02,  0.14916308E-03
    1354.,  0.84195702E+01,  0.10500218E+03, -0.11976790E+01,  0.24966387E-03, -0.21882848E-02,  0.14915331E-03
    1355.,  0.82695288E+01,  0.10481730E+03, -0.11976790E+01,  0.32301071E-03, -0.22877877E-02,  0.14913012E-03
    1356.,  0.81176202E+01,  0.10459626E+03, -0.11976790E+01,  0.40976623E-03, -0.23990901E-02,  0.14907594E-03
    1357.,  0.79705304E+01,  0.10433502E+03, -0.11976790E+01,  0.51002203E-03, -0.25215656E-02,  0.14894784E-03
    1358.,  0.78374839E+01,  0.10403187E+03, -0.11976790E+01,  0.62119760E-03, -0.26534145E-02,  0.14862009E-03
    1359.,  0.77296146E+01,  0.10368925E+03, -0.11976790E+01,  0.73622946E-03, -0.27917188E-02,  0.14791814E-03
    1360.,  0.76582029E+01,  0.10331507E+03, -0.11976790E+01,  0.84244156E-03, -0.29331521E-02,  0.14694843E-03
    1361.,  0.76319554E+01,  0.10292291E+03, -0.11976790E+01,  0.92324378E-03, -0.30751216E-02,  0.14610691E-03
    1362.,  0.76543375E+01,  0.10253002E+03, -0.11976790E+01,  0.96411707E-03, -0.32161541E-02,  0.14576087E-03
    1363.,  0.77223849E+01,  0.10215383E+03, -0.11976790E+01,  0.96045209E-03, -0.33543326E-02,  0.14556570E-03
    1364.,  0.78277247E+01,  0.10180829E+03, -0.11976790E+01,  0.92081368E-03, -0.34852929E-02,  0.14465870E-03
    1365.,  0.79591749E+01,  0.10150182E+03, -0.11976790E+01,  0.86208314E-03, -0.36023802E-02,  0.14226367E-03
    1366.,  0.81055087E+01,  0.10123722E+03, -0.11976790E+01,  0.80109178E-03, -0.36989279E-02,  0.13714627E-03
    1367.,  0.82573113E+01,  0.10101308E+03, -0.11976790E+01,  0.74916331E-03, -0.37701107E-02,  0.13102492E-03
    1368.,  0.84076909E+01,  0.10082547E+03, -0.11976790E+01,  0.71186333E-03, -0.38131198E-02,  0.12329573E-03
    1369.,  0.82135926E+01,  0.10033424E+03, -0.11976790E+01,  0.79359342E-03, -0.40043389E-02,  0.11751463E-03
    1370.,  0.83905992E+01,  0.10016697E+03, -0.11976790E+01,  0.79246630E-03, -0.40048700E-02,  0.16251580E-03
    1371.,  0.86041219E+01,  0.99992144E+02, -0.11976790E+01,  0.80817496E-03, -0.39615452E-02,  0.17109733E-03
    1372.,  0.88601954E+01,  0.99814793E+02, -0.11976790E+01,  0.85710607E-03, -0.38496645E-02,  0.16967778E-03
    1373.,  0.91637731E+01,  0.99642824E+02, -0.11976790E+01,  0.93495013E-03, -0.36581426E-02,  0.16485535E-03
    1374.,  0.95169878E+01,  0.99487251E+02, -0.11976790E+01,  0.10301309E-02, -0.33924617E-02,  0.15834513E-03
    1375.,  0.99170042E+01,  0.99361439E+02, -0.11976790E+01,  0.11225036E-02, -0.30946940E-02,  0.15225130E-03
    1376.,  0.10354260E+02,  0.99278943E+02, -0.11976790E+01,  0.11906656E-02, -0.28433302E-02,  0.14481695E-03
    1377.,  0.10812349E+02,  0.99250137E+02, -0.11976790E+01,  0.12212935E-02, -0.27155541E-02,  0.14030612E-03
    1378.,  0.11270437E+02,  0.99278943E+02, -0.11976790E+01,  0.12155415E-02, -0.27293704E-02,  0.13696090E-03
    1379.,  0.11707694E+02,  0.99361439E+02, -0.11976790E+01,  0.11825061E-02, -0.28285210E-02,  0.13514285E-03
    1380.,  0.12107710E+02,  0.99487251E+02, -0.11976790E+01,  0.11309741E-02, -0.29313649E-02,  0.13155765E-03
    1381.,  0.12460925E+02,  0.99642824E+02, -0.11976790E+01,  0.10634847E-02, -0.29842010E-02,  0.12985764E-03
    1382.,  0.12764503E+02,  0.99814793E+02, -0.11976790E+01,  0.98129559E-03, -0.29746915E-02,  0.12523716E-03
    1383.,  0.13020576E+02,  0.99992144E+02, -0.11976790E+01,  0.88485002E-03, -0.29145414E-02,  0.12995825E-03
    1384.,  0.13234099E+02,  0.10016697E+03, -0.11976790E+01,  0.78201205E-03, -0.28245497E-02,  0.12085304E-03
    1385.,  0.13411105E+02,  0.10033424E+03, -0.11976790E+01,  0.67763834E-03, -0.27213879E-02,  0.14460542E-03
    1386.,  0.13577228E+02,  0.10051366E+03, -0.11976790E+01,  0.56370153E-03, -0.26034485E-02,  0.12828707E-03
    1387.,  0.13750135E+02,  0.10072937E+03, -0.11976790E+01,  0.42749665E-03, -0.24594169E-02,  0.13765458E-03
    1388.,  0.13924678E+02,  0.10098709E+03, -0.11976790E+01,  0.27307504E-03, -0.22959233E-02,  0.14175129E-03
    1389.,  0.14092932E+02,  0.10129132E+03, -0.11976790E+01,  0.10863990E-03, -0.21244692E-02,  0.14442331E-03
    1390.,  0.14244074E+02,  0.10164370E+03, -0.11976790E+01, -0.51770667E-04, -0.19579784E-02,  0.14444645E-03
    1391.,  0.14365194E+02,  0.10204100E+03, -0.11976790E+01, -0.19030751E-03, -0.18100885E-02,  0.14403081E-03
    1392.,  0.14443435E+02,  0.10247354E+03, -0.11976790E+01, -0.29315526E-03, -0.16884722E-02,  0.14469178E-03
    1393.,  0.14469170E+02,  0.10292529E+03, -0.11976790E+01, -0.35612715E-03, -0.15924164E-02,  0.14662729E-03
    1394.,  0.14438990E+02,  0.10337620E+03, -0.11976790E+01, -0.38490662E-03, -0.15155174E-02,  0.14835867E-03
    1395.,  0.14356881E+02,  0.10380643E+03, -0.11976790E+01, -0.39034636E-03, -0.14509796E-02,  0.14912664E-03
    1396.,  0.14232853E+02,  0.10420038E+03, -0.11976790E+01, -0.38316566E-03, -0.13946938E-02,  0.14927491E-03
    1397.,  0.14079876E+02,  0.10454894E+03, -0.11976790E+01, -0.37105340E-03, -0.13451830E-02,  0.14926716E-03
    1398.,  0.13910752E+02,  0.10484932E+03, -0.11976790E+01, -0.35839146E-03, -0.13022159E-02,  0.14924016E-03
    1399.,  0.13736087E+02,  0.10510346E+03, -0.11976790E+01, -0.34718048E-03, -0.12657385E-02,  0.14921642E-03
    1400.,  0.13563569E+02,  0.10531604E+03, -0.11976790E+01, -0.33805329E-03, -0.12354537E-02,  0.14919836E-03
    1401.,  0.13398144E+02,  0.10549280E+03, -0.11976790E+01, -0.33098775E-03, -0.12108073E-02,  0.14918471E-03
    1402.,  0.13220412E+02,  0.10565908E+03, -0.11976790E+01, -0.32506065E-03, -0.11885549E-02,  0.14917498E-03
    1403.,  0.13006469E+02,  0.10583250E+03, -0.11976790E+01, -0.31993083E-03, -0.11671186E-02,  0.14916459E-03
    1404.,  0.12750484E+02,  0.10600802E+03, -0.11976790E+01, -0.31619063E-03, -0.11487502E-02,  0.14915613E-03
    1405.,  0.12447749E+02,  0.10617780E+03, -0.11976790E+01, -0.31436792E-03, -0.11370309E-02,  0.14915018E-03
    1406.,  0.12096361E+02,  0.10633103E+03, -0.11976790E+01, -0.31456932E-03, -0.11371137E-02,  0.14914608E-03
    1407.,  0.11699269E+02,  0.10645469E+03, -0.11976790E+01, -0.31591491E-03, -0.11554238E-02,  0.14914339E-03
    1408.,  0.11265927E+02,  0.10653563E+03, -0.11976790E+01, -0.31599698E-03, -0.11983673E-02,  0.14914097E-03
    1409.,  0.10812349E+02,  0.10656387E+03, -0.11976790E+01, -0.31088279E-03, -0.12700121E-02,  0.14913654E-03
    1410.,  0.10358770E+02,  0.10653563E+03, -0.11976790E+01, -0.29612695E-03, -0.13697516E-02,  0.14912762E-03
    1411.,  0.99254285E+01,  0.10645469E+03, -0.11976790E+01, -0.26850551E-03, -0.14916535E-02,  0.14911358E-03
    1412.,  0.95283373E+01,  0.10633103E+03, -0.11976790E+01, -0.22735462E-03, -0.16262562E-02,  0.14909644E-03
    1413.,  0.91769484E+01,  0.10617780E+03, -0.11976790E+01, -0.17462202E-03, -0.17636456E-02,  0.14907918E-03
    1414.,  0.88742135E+01,  0.10600802E+03, -0.11976790E+01, -0.11383132E-03, -0.18959168E-02,  0.14906401E-03
    1415.,  0.86182289E+01,  0.10583250E+03, -0.11976790E+01, -0.48823263E-04, -0.20181058E-02,  0.14904950E-03
    1416.,  0.84042854E+01,  0.10565908E+03, -0.11976790E+01,  0.17104202E-04, -0.21279116E-02,  0.14903538E-03
    1417.,  0.82265537E+01,  0.10549280E+03, -0.11976790E+01,  0.81526470E-04, -0.22249014E-02,  0.14903113E-03
    1418.,  0.80611286E+01,  0.10531604E+03, -0.11976790E+01,  0.15093376E-03, -0.23204106E-02,  0.14902668E-03
    1419.,  0.78886108E+01,  0.10510346E+03, -0.11976790E+01,  0.23514239E-03, -0.24262561E-02,  0.14903736E-03
    1420.,  0.77139460E+01,  0.10484932E+03, -0.11976790E+01,  0.33602358E-03, -0.25415396E-02,  0.14908687E-03
    1421.,  0.75448220E+01,  0.10454894E+03, -0.11976790E+01,  0.45399887E-03, -0.26641556E-02,  0.14923138E-03
    1422.,  0.73918450E+01,  0.10420038E+03, -0.11976790E+01,  0.58633691E-03, -0.27908428E-02,  0.14972901E-03
    1423.,  0.72678168E+01,  0.10380643E+03, -0.11976790E+01,  0.72501791E-03, -0.29180664E-02,  0.15098094E-03
    1424.,  0.71857075E+01,  0.10337620E+03, -0.11976790E+01,  0.85545428E-03, -0.30438797E-02,  0.15288594E-03
    1425.,  0.71555280E+01,  0.10292529E+03, -0.11976790E+01,  0.95843445E-03, -0.31697632E-02,  0.15470400E-03
    1426.,  0.71812629E+01,  0.10247354E+03, -0.11976790E+01,  0.10168143E-02, -0.32998544E-02,  0.15512981E-03
    1427.,  0.72595040E+01,  0.10204100E+03, -0.11976790E+01,  0.10243176E-02, -0.34365130E-02,  0.15490383E-03
    1428.,  0.73806238E+01,  0.10164370E+03, -0.11976790E+01,  0.99037758E-03, -0.35752713E-02,  0.15645624E-03
    1429.,  0.75317654E+01,  0.10129132E+03, -0.11976790E+01,  0.93583582E-03, -0.37058681E-02,  0.16037254E-03
    1430.,  0.77000203E+01,  0.10098709E+03, -0.11976790E+01,  0.88122484E-03, -0.38183493E-02,  0.16681235E-03
    1431.,  0.78745632E+01,  0.10072937E+03, -0.11976790E+01,  0.83814878E-03, -0.39071300E-02,  0.17012574E-03
    1432.,  0.80474698E+01,  0.10051366E+03, -0.11976790E+01,  0.80874232E-03, -0.39702009E-02,  0.17088866E-03
    1433.,  0.78750147E+01,  0.99999043E+02, -0.11976790E+01,  0.91714921E-03, -0.42352258E-02,  0.44035574E-03
    1434.,  0.80750825E+01,  0.99809983E+02, -0.11976790E+01,  0.90772792E-03, -0.42714289E-02,  0.29689235E-03
    1435.,  0.83164240E+01,  0.99612383E+02, -0.11976790E+01,  0.95286358E-03, -0.42330021E-02,  0.20895885E-03
    1436.,  0.86058599E+01,  0.99411925E+02, -0.11976790E+01,  0.10360885E-02, -0.41091292E-02,  0.17423157E-03
    1437.,  0.89489891E+01,  0.99217552E+02, -0.11976790E+01,  0.11488004E-02, -0.38770229E-02,  0.15583833E-03
    1438.,  0.93482222E+01,  0.99041709E+02, -0.11976790E+01,  0.12700237E-02, -0.35370088E-02,  0.15156314E-03
    1439.,  0.98003546E+01,  0.98899506E+02, -0.11976790E+01,  0.13736116E-02, -0.31401330E-02,  0.15448081E-03
    1440.,  0.10294579E+02,  0.98806262E+02, -0.11976790E+01,  0.14350921E-02, -0.28024448E-02,  0.15632643E-03
    1441.,  0.10812349E+02,  0.98773704E+02, -0.11976790E+01,  0.14384009E-02, -0.26519348E-02,  0.14371284E-03
    1442.,  0.11330119E+02,  0.98806262E+02, -0.11976790E+01,  0.13860135E-02, -0.27121902E-02,  0.14257859E-03
    1443.,  0.11824343E+02,  0.98899506E+02, -0.11976790E+01,  0.13040391E-02, -0.28837629E-02,  0.14401313E-03
    1444.,  0.12276476E+02,  0.99041709E+02, -0.11976790E+01,  0.12138540E-02, -0.30410904E-02,  0.14096514E-03
    1445.,  0.12675709E+02,  0.99217552E+02, -0.11976790E+01,  0.11245527E-02, -0.31140127E-02,  0.12672331E-03
    1446.,  0.13018838E+02,  0.99411925E+02, -0.11976790E+01,  0.10315074E-02, -0.30965976E-02,  0.12310597E-03
    1447.,  0.13308274E+02,  0.99612383E+02, -0.11976790E+01,  0.93320476E-03, -0.30177704E-02,  0.10390508E-03
    1448.,  0.13549615E+02,  0.99809983E+02, -0.11976790E+01,  0.81933178E-03, -0.28992092E-02,  0.12720221E-03
    1449.,  0.13749683E+02,  0.99999043E+02, -0.11976790E+01,  0.70645184E-03, -0.27688347E-02,  0.72505214E-04
    1450.,  0.13937449E+02,  0.10020184E+03, -0.11976790E+01,  0.58144434E-03, -0.26165334E-02,  0.14510102E-03
    1451.,  0.14132883E+02,  0.10044566E+03, -0.11976790E+01,  0.43602094E-03, -0.24382448E-02,  0.14688265E-03
    1452.,  0.14330166E+02,  0.10073695E+03, -0.11976790E+01,  0.27250890E-03, -0.22455277E-02,  0.14803009E-03
    1453.,  0.14520342E+02,  0.10108082E+03, -0.11976790E+01,  0.98738328E-04, -0.20464012E-02,  0.14485762E-03
    1454.,  0.14691175E+02,  0.10147911E+03, -0.11976790E+01, -0.66898548E-04, -0.18606255E-02,  0.14574095E-03
    1455.,  0.14828075E+02,  0.10192817E+03, -0.11976790E+01, -0.20568905E-03, -0.17061292E-02,  0.14760569E-03
    1456.,  0.14916509E+02,  0.10241707E+03, -0.11976790E+01, -0.30587727E-03, -0.15910627E-02,  0.14803415E-03
    1457.,  0.14945597E+02,  0.10292767E+03, -0.11976790E+01, -0.36638979E-03, -0.15102739E-02,  0.14787147E-03
    1458.,  0.14911486E+02,  0.10343733E+03, -0.11976790E+01, -0.39438408E-03, -0.14515914E-02,  0.14821002E-03
    1459.,  0.14818679E+02,  0.10392361E+03, -0.11976790E+01, -0.40064385E-03, -0.14038157E-02,  0.14859349E-03
    1460.,  0.14678492E+02,  0.10436889E+03, -0.11976790E+01, -0.39520288E-03, -0.13607657E-02,  0.14889967E-03
    1461.,  0.14505584E+02,  0.10476285E+03, -0.11976790E+01, -0.38523435E-03, -0.13206772E-02,  0.14904136E-03
    1462.,  0.14314426E+02,  0.10510237E+03, -0.11976790E+01, -0.37491267E-03, -0.12839479E-02,  0.14909848E-03
    1463.,  0.14117005E+02,  0.10538963E+03, -0.11976790E+01, -0.36620753E-03, -0.12513670E-02,  0.14912186E-03
    1464.,  0.13922011E+02,  0.10562990E+03, -0.11976790E+01, -0.35974831E-03, -0.12233925E-02,  0.14913589E-03
    1465.,  0.13735033E+02,  0.10582969E+03, -0.11976790E+01, -0.35547390E-03, -0.12000418E-02,  0.14914420E-03
    1466.,  0.13534146E+02,  0.10601763E+03, -0.11976790E+01, -0.35282049E-03, -0.11785397E-02,  0.14914226E-03
    1467.,  0.13292329E+02,  0.10621364E+03, -0.11976790E+01, -0.35201943E-03, -0.11574824E-02,  0.14914349E-03
    1468.,  0.13002994E+02,  0.10641204E+03, -0.11976790E+01, -0.35399250E-03, -0.11392455E-02,  0.14914453E-03
    1469.,  0.12660817E+02,  0.10660394E+03, -0.11976790E+01, -0.35959380E-03, -0.11277554E-02,  0.14914384E-03
    1470.,  0.12263647E+02,  0.10677713E+03, -0.11976790E+01, -0.36912543E-03, -0.11288185E-02,  0.14914263E-03
    1471.,  0.11814821E+02,  0.10691689E+03, -0.11976790E+01, -0.38158764E-03, -0.11498572E-02,  0.14914085E-03
    1472.,  0.11325022E+02,  0.10700839E+03, -0.11976790E+01, -0.39395049E-03, -0.11984423E-02,  0.14913830E-03
    1473.,  0.10812349E+02,  0.10704030E+03, -0.11976790E+01, -0.40111399E-03, -0.12795250E-02,  0.14913492E-03
    1474.,  0.10299676E+02,  0.10700839E+03, -0.11976790E+01, -0.39717323E-03, -0.13925650E-02,  0.14913105E-03
    1475.,  0.98098764E+01,  0.10691689E+03, -0.11976790E+01, -0.37764387E-03, -0.15306647E-02,  0.14912730E-03
    1476.,  0.93610504E+01,  0.10677713E+03, -0.11976790E+01, -0.34122359E-03, -0.16827062E-02,  0.14912451E-03
    1477.,  0.89638810E+01,  0.10660394E+03, -0.11976790E+01, -0.28993011E-03, -0.18370769E-02,  0.14912367E-03
    1478.,  0.86217043E+01,  0.10641204E+03, -0.11976790E+01, -0.22784966E-03, -0.19846298E-02,  0.14912536E-03
    1479.,  0.83323689E+01,  0.10621364E+03, -0.11976790E+01, -0.15956937E-03, -0.21197656E-02,  0.14913496E-03
    1480.,  0.80905518E+01,  0.10601763E+03, -0.11976790E+01, -0.89101621E-04, -0.22400375E-02,  0.14915086E-03
    1481.,  0.78896645E+01,  0.10582969E+03, -0.11976790E+01, -0.19433316E-04, -0.23451802E-02,  0.14915431E-03
    1482.,  0.77026871E+01,  0.10562990E+03, -0.11976790E+01,  0.56292259E-04, -0.24475605E-02,  0.14919270E-03
    1483.,  0.75076928E+01,  0.10538963E+03, -0.11976790E+01,  0.14892795E-03, -0.25594529E-02,  0.14925240E-03
    1484.,  0.73102719E+01,  0.10510237E+03, -0.11976790E+01,  0.26088740E-03, -0.26791068E-02,  0.14934641E-03
    1485.,  0.71191136E+01,  0.10476285E+03, -0.11976790E+01,  0.39325171E-03, -0.28033474E-02,  0.14957210E-03
    1486.,  0.69462061E+01,  0.10436889E+03, -0.11976790E+01,  0.54396814E-03, -0.29279211E-02,  0.14987375E-03
    1487.,  0.68060189E+01,  0.10392361E+03, -0.11976790E+01,  0.70547689E-03, -0.30488690E-02,  0.15023083E-03
    1488.,  0.67132120E+01,  0.10343733E+03, -0.11976790E+01,  0.86288639E-03, -0.31652645E-02,  0.15027372E-03
    1489.,  0.66791006E+01,  0.10292767E+03, -0.11976790E+01,  0.99539317E-03, -0.32820752E-02,  0.14903434E-03
    1490.,  0.67081884E+01,  0.10241707E+03, -0.11976790E+01,  0.10822961E-02, -0.34093436E-02,  0.14979740E-03
    1491.,  0.67966230E+01,  0.10192817E+03, -0.11976790E+01,  0.11119792E-02, -0.35541551E-02,  0.15229232E-03
    1492.,  0.69335230E+01,  0.10147911E+03, -0.11976790E+01,  0.10900107E-02, -0.37122531E-02,  0.15166562E-03
    1493.,  0.71043560E+01,  0.10108082E+03, -0.11976790E+01,  0.10388676E-02, -0.38658464E-02,  0.15213443E-03
    1494.,  0.72945319E+01,  0.10073695E+03, -0.11976790E+01,  0.98691130E-03, -0.39960692E-02,  0.16145942E-03
    1495.,  0.74918150E+01,  0.10044566E+03, -0.11976790E+01,  0.95131178E-03, -0.40972339E-02,  0.18963873E-03
    1496.,  0.76872487E+01,  0.10020184E+03, -0.11976790E+01,  0.93347268E-03, -0.41747785E-02,  0.25109714E-03
    1497.,  0.75364368E+01,  0.99663851E+02, -0.11976790E+01,  0.10125305E-02, -0.45182421E-02, -0.10786192E-02
    1498.,  0.77595659E+01,  0.99452998E+02, -0.11976790E+01,  0.10481089E-02, -0.45976099E-02, -0.66150857E-03
    1499.,  0.80287260E+01,  0.99232622E+02, -0.11976790E+01,  0.11535640E-02, -0.45802356E-02, -0.26405573E-03
    1500.,  0.83515244E+01,  0.99009058E+02, -0.11976790E+01,  0.13128248E-02, -0.44625854E-02, -0.11820267E-03
    1501.,  0.87342051E+01,  0.98792279E+02, -0.11976790E+01,  0.14944368E-02, -0.42005291E-02,  0.12584680E-05
    1502.,  0.91794566E+01,  0.98596168E+02, -0.11976790E+01,  0.16511334E-02, -0.37725427E-02,  0.73249761E-04
    1503.,  0.96837050E+01,  0.98437574E+02, -0.11976790E+01,  0.17526305E-02, -0.32256399E-02,  0.10160950E-03
    1504.,  0.10234897E+02,  0.98333582E+02, -0.11976790E+01,  0.17766957E-02, -0.27444567E-02,  0.15075302E-03
    1505.,  0.10812349E+02,  0.98297271E+02, -0.11976790E+01,  0.16900165E-02, -0.25715675E-02,  0.24885071E-03
    1506.,  0.11389801E+02,  0.98333582E+02, -0.11976790E+01,  0.15208797E-02, -0.27270826E-02,  0.27356785E-03
    1507.,  0.11940993E+02,  0.98437574E+02, -0.11976790E+01,  0.13407511E-02, -0.30176541E-02,  0.27489283E-03
    1508.,  0.12445241E+02,  0.98596168E+02, -0.11976790E+01,  0.12095578E-02, -0.32461008E-02,  0.31317054E-03
    1509.,  0.12890493E+02,  0.98792279E+02, -0.11976790E+01,  0.11161571E-02, -0.33267958E-02,  0.40514020E-03
    1510.,  0.13273173E+02,  0.99009058E+02, -0.11976790E+01,  0.10388685E-02, -0.32866021E-02,  0.46928179E-03
    1511.,  0.13595972E+02,  0.99232622E+02, -0.11976790E+01,  0.95209546E-03, -0.31583622E-02,  0.52787084E-03
    1512.,  0.13865132E+02,  0.99452998E+02, -0.11976790E+01,  0.86942212E-03, -0.30134758E-02,  0.48106289E-03
    1513.,  0.14088261E+02,  0.99663851E+02, -0.11976790E+01,  0.73476853E-03, -0.28242621E-02,  0.58147910E-03
    1514.,  0.14297670E+02,  0.99890023E+02, -0.11976790E+01,  0.59502822E-03, -0.26257426E-02,  0.30516301E-03
    1515.,  0.14515631E+02,  0.10016195E+03, -0.11976790E+01,  0.44153359E-03, -0.24204067E-02,  0.23029476E-03
    1516.,  0.14735654E+02,  0.10048681E+03, -0.11976790E+01,  0.26170160E-03, -0.21892854E-02,  0.20870479E-03
    1517.,  0.14947751E+02,  0.10087032E+03, -0.11976790E+01,  0.74885393E-04, -0.19575273E-02,  0.20273584E-03
    1518.,  0.15138276E+02,  0.10131452E+03, -0.11976790E+01, -0.94873313E-04, -0.17526793E-02,  0.19812684E-03
    1519.,  0.15290956E+02,  0.10181534E+03, -0.11976790E+01, -0.22775579E-03, -0.15986335E-02,  0.19562232E-03
    1520.,  0.15389584E+02,  0.10236060E+03, -0.11976790E+01, -0.31868737E-03, -0.14980254E-02,  0.18963424E-03
    1521.,  0.15422025E+02,  0.10293005E+03, -0.11976790E+01, -0.37200845E-03, -0.14369794E-02,  0.17337791E-03
    1522.,  0.15383981E+02,  0.10349846E+03, -0.11976790E+01, -0.39731922E-03, -0.13967906E-02,  0.15731717E-03
    1523.,  0.15280477E+02,  0.10404079E+03, -0.11976790E+01, -0.40497307E-03, -0.13635621E-02,  0.15039904E-03
    1524.,  0.15124131E+02,  0.10453740E+03, -0.11976790E+01, -0.40315376E-03, -0.13309127E-02,  0.14852557E-03
    1525.,  0.14931293E+02,  0.10497677E+03, -0.11976790E+01, -0.39743744E-03, -0.12980551E-02,  0.14818402E-03
    1526.,  0.14718100E+02,  0.10535542E+03, -0.11976790E+01, -0.39131967E-03, -0.12662962E-02,  0.14825151E-03
    1527.,  0.14497923E+02,  0.10567579E+03, -0.11976790E+01, -0.38660701E-03, -0.12370714E-02,  0.14840873E-03
    1528.,  0.14280452E+02,  0.10594376E+03, -0.11976790E+01, -0.38391832E-03, -0.12113084E-02,  0.14853013E-03
    1529.,  0.14071923E+02,  0.10616658E+03, -0.11976790E+01, -0.38321160E-03, -0.11894001E-02,  0.14862988E-03
    1530.,  0.13847880E+02,  0.10637618E+03, -0.11976790E+01, -0.38442531E-03, -0.11689340E-02,  0.14874953E-03
    1531.,  0.13578189E+02,  0.10659479E+03, -0.11976790E+01, -0.38839286E-03, -0.11486770E-02,  0.14885586E-03
    1532.,  0.13255503E+02,  0.10681605E+03, -0.11976790E+01, -0.39632319E-03, -0.11310761E-02,  0.14894461E-03
    1533.,  0.12873884E+02,  0.10703007E+03, -0.11976790E+01, -0.40936565E-03, -0.11203006E-02,  0.14901990E-03
    1534.,  0.12430934E+02,  0.10722323E+03, -0.11976790E+01, -0.42803250E-03, -0.11227145E-02,  0.14907946E-03
    1535.,  0.11930373E+02,  0.10737910E+03, -0.11976790E+01, -0.45128868E-03, -0.11467060E-02,  0.14912393E-03
    1536.,  0.11384116E+02,  0.10748114E+03, -0.11976790E+01, -0.47558751E-03, -0.12010973E-02,  0.14916057E-03
    1537.,  0.10812349E+02,  0.10751674E+03, -0.11976790E+01, -0.49470555E-03, -0.12918927E-02,  0.14920668E-03
    1538.,  0.10240582E+02,  0.10748114E+03, -0.11976790E+01, -0.50123512E-03, -0.14187342E-02,  0.14928151E-03
    1539.,  0.96943244E+01,  0.10737910E+03, -0.11976790E+01, -0.48938567E-03, -0.15737185E-02,  0.14938940E-03
    1540.,  0.91937635E+01,  0.10722323E+03, -0.11976790E+01, -0.45726236E-03, -0.17439235E-02,  0.14951203E-03
    1541.,  0.87508135E+01,  0.10703007E+03, -0.11976790E+01, -0.40707659E-03, -0.19159186E-02,  0.14962235E-03
    1542.,  0.83691952E+01,  0.10681605E+03, -0.11976790E+01, -0.34358555E-03, -0.20793036E-02,  0.14970256E-03
    1543.,  0.80465089E+01,  0.10659479E+03, -0.11976790E+01, -0.27217478E-03, -0.22279013E-02,  0.14974139E-03
    1544.,  0.77768183E+01,  0.10637618E+03, -0.11976790E+01, -0.19753923E-03, -0.23591953E-02,  0.14975796E-03
    1545.,  0.75527752E+01,  0.10616658E+03, -0.11976790E+01, -0.12319092E-03, -0.24731340E-02,  0.14978080E-03
    1546.,  0.73442455E+01,  0.10594376E+03, -0.11976790E+01, -0.41916508E-04, -0.25832156E-02,  0.14963732E-03
    1547.,  0.71267748E+01,  0.10567579E+03, -0.11976790E+01,  0.58044350E-04, -0.27024205E-02,  0.14930583E-03
    1548.,  0.69065978E+01,  0.10535542E+03, -0.11976790E+01,  0.17965617E-03, -0.28283142E-02,  0.14858866E-03
    1549.,  0.66934053E+01,  0.10497677E+03, -0.11976790E+01,  0.32487254E-03, -0.29567553E-02,  0.14673312E-03
    1550.,  0.65005672E+01,  0.10453740E+03, -0.11976790E+01,  0.49317103E-03, -0.30822126E-02,  0.14216120E-03
    1551.,  0.63442210E+01,  0.10404079E+03, -0.11976790E+01,  0.67860522E-03, -0.31996934E-02,  0.13066301E-03
    1552.,  0.62407166E+01,  0.10349846E+03, -0.11976790E+01,  0.86676241E-03, -0.33075113E-02,  0.11358910E-03
    1553.,  0.62026732E+01,  0.10293005E+03, -0.11976790E+01,  0.10353502E-02, -0.34115143E-02,  0.10415285E-03
    1554.,  0.62351139E+01,  0.10236060E+03, -0.11976790E+01,  0.11609610E-02, -0.35290035E-02,  0.98627388E-04
    1555.,  0.63337421E+01,  0.10181534E+03, -0.11976790E+01,  0.12220779E-02, -0.36789342E-02,  0.91301910E-04
    1556.,  0.64864221E+01,  0.10131452E+03, -0.11976790E+01,  0.12138631E-02, -0.38596141E-02,  0.82385867E-04
    1557.,  0.66769466E+01,  0.10087032E+03, -0.11976790E+01,  0.11603597E-02, -0.40495035E-02,  0.55060488E-04
    1558.,  0.68890434E+01,  0.10048681E+03, -0.11976790E+01,  0.10989520E-02, -0.42122795E-02, -0.22022555E-04
    1559.,  0.71090668E+01,  0.10016195E+03, -0.11976790E+01,  0.10613418E-02, -0.43218557E-02, -0.17817416E-03
    1560.,  0.73270276E+01,  0.99890023E+02, -0.11976790E+01,  0.10507049E-02, -0.43920337E-02, -0.51691827E-03
    1561.,  0.71978590E+01,  0.99328659E+02, -0.11976790E+01,  0.10643497E-02, -0.51810245E-02,  0.31883440E-02
    1562.,  0.74440493E+01,  0.99096014E+02, -0.11976790E+01,  0.11744235E-02, -0.53315544E-02,  0.22881172E-02
    1563.,  0.77410281E+01,  0.98852860E+02, -0.11976790E+01,  0.14737305E-02, -0.52075692E-02,  0.14277848E-02
    1564.,  0.80971889E+01,  0.98606190E+02, -0.11976790E+01,  0.17665496E-02, -0.49695458E-02,  0.11724668E-02
    1565.,  0.85194211E+01,  0.98367007E+02, -0.11976790E+01,  0.20446943E-02, -0.46448957E-02,  0.72577817E-03
    1566.,  0.90106911E+01,  0.98150627E+02, -0.11976790E+01,  0.22590382E-02, -0.41472487E-02,  0.41057083E-03
    1567.,  0.95670554E+01,  0.97975642E+02, -0.11976790E+01,  0.23540176E-02, -0.34005109E-02,  0.29421128E-03
    1568.,  0.10175215E+02,  0.97860901E+02, -0.11976790E+01,  0.22820772E-02, -0.26753938E-02,  0.10424123E-03
    1569.,  0.10812349E+02,  0.97820837E+02, -0.11976790E+01,  0.19823836E-02, -0.25070305E-02, -0.24093598E-03
    1570.,  0.11449483E+02,  0.97860901E+02, -0.11976790E+01,  0.15256184E-02, -0.28324025E-02, -0.32741473E-03
    1571.,  0.12057642E+02,  0.97975642E+02, -0.11976790E+01,  0.11785394E-02, -0.32759034E-02, -0.33907701E-03
    1572.,  0.12614007E+02,  0.98150627E+02, -0.11976790E+01,  0.10197232E-02, -0.35748888E-02, -0.51159010E-03
    1573.,  0.13105277E+02,  0.98367007E+02, -0.11976790E+01,  0.98261460E-03, -0.36772587E-02, -0.80139735E-03
    1574.,  0.13527509E+02,  0.98606190E+02, -0.11976790E+01,  0.97626034E-03, -0.36248941E-02, -0.10160795E-02
    1575.,  0.13883670E+02,  0.98852860E+02, -0.11976790E+01,  0.94139416E-03, -0.34500357E-02, -0.11109522E-02
    1576.,  0.14180649E+02,  0.99096014E+02, -0.11976790E+01,  0.89314268E-03, -0.32144751E-02, -0.10540331E-02
    1577.,  0.14426839E+02,  0.99328659E+02, -0.11976790E+01,  0.81721911E-03, -0.29555074E-02, -0.12322420E-02
    1578.,  0.14657891E+02,  0.99578206E+02, -0.11976790E+01,  0.61957931E-03, -0.26403147E-02, -0.48178589E-03
    1579.,  0.14898379E+02,  0.99878234E+02, -0.11976790E+01,  0.45715046E-03, -0.23773063E-02, -0.15519060E-03
    1580.,  0.15141143E+02,  0.10023668E+03, -0.11976790E+01,  0.25815923E-03, -0.20992593E-02, -0.62771554E-04
    1581.,  0.15375161E+02,  0.10065982E+03, -0.11976790E+01,  0.48011903E-04, -0.18294936E-02, -0.19078213E-04
    1582.,  0.15585377E+02,  0.10114993E+03, -0.11976790E+01, -0.12564292E-03, -0.16184259E-02, -0.91920233E-05
    1583.,  0.15753837E+02,  0.10170252E+03, -0.11976790E+01, -0.24891001E-03, -0.14841347E-02, -0.19557337E-04
    1584.,  0.15862658E+02,  0.10230412E+03, -0.11976790E+01, -0.32754833E-03, -0.14136293E-02, -0.26340460E-05
    1585.,  0.15898452E+02,  0.10293243E+03, -0.11976790E+01, -0.37166127E-03, -0.13802055E-02,  0.67302881E-04
    1586.,  0.15856477E+02,  0.10355959E+03, -0.11976790E+01, -0.39426879E-03, -0.13595695E-02,  0.12826727E-03
    1587.,  0.15742275E+02,  0.10415797E+03, -0.11976790E+01, -0.40480753E-03, -0.13376538E-02,  0.14919578E-03
    1588.,  0.15569770E+02,  0.10470590E+03, -0.11976790E+01, -0.40811673E-03, -0.13117007E-02,  0.15328915E-03
    1589.,  0.15357001E+02,  0.10519069E+03, -0.11976790E+01, -0.40780226E-03, -0.12833272E-02,  0.15343234E-03
    1590.,  0.15121774E+02,  0.10560847E+03, -0.11976790E+01, -0.40671968E-03, -0.12548150E-02,  0.15267324E-03
    1591.,  0.14878841E+02,  0.10596196E+03, -0.11976790E+01, -0.40661037E-03, -0.12279741E-02,  0.15187746E-03
    1592.,  0.14638894E+02,  0.10625762E+03, -0.11976790E+01, -0.40814205E-03, -0.12038969E-02,  0.15134841E-03
    1593.,  0.14408812E+02,  0.10650347E+03, -0.11976790E+01, -0.41130685E-03, -0.11830936E-02,  0.15093863E-03
    1594.,  0.14161613E+02,  0.10673473E+03, -0.11976790E+01, -0.41657210E-03, -0.11634615E-02,  0.15049588E-03
    1595.,  0.13864049E+02,  0.10697594E+03, -0.11976790E+01, -0.42546365E-03, -0.11438562E-02,  0.15009801E-03
    1596.,  0.13508012E+02,  0.10722006E+03, -0.11976790E+01, -0.43948886E-03, -0.11267387E-02,  0.14977635E-03
    1597.,  0.13086952E+02,  0.10745621E+03, -0.11976790E+01, -0.46012020E-03, -0.11164340E-02,  0.14951336E-03
    1598.,  0.12598221E+02,  0.10766933E+03, -0.11976790E+01, -0.48822859E-03, -0.11198157E-02,  0.14930993E-03
    1599.,  0.12045926E+02,  0.10784131E+03, -0.11976790E+01, -0.52295907E-03, -0.11463024E-02,  0.14916565E-03
    1600.,  0.11443210E+02,  0.10795389E+03, -0.11976790E+01, -0.56039688E-03, -0.12062163E-02,  0.14905448E-03
    1601.,  0.10812349E+02,  0.10799317E+03, -0.11976790E+01, -0.59307553E-03, -0.13069656E-02,  0.14890912E-03
    1602.,  0.10181488E+02,  0.10795389E+03, -0.11976790E+01, -0.61166832E-03, -0.14485821E-02,  0.14864917E-03
    1603.,  0.95787723E+01,  0.10784131E+03, -0.11976790E+01, -0.60863546E-03, -0.16220422E-02,  0.14825015E-03
    1604.,  0.90264766E+01,  0.10766933E+03, -0.11976790E+01, -0.58132562E-03, -0.18122784E-02,  0.14777841E-03
    1605.,  0.85377461E+01,  0.10745621E+03, -0.11976790E+01, -0.53228349E-03, -0.20037288E-02,  0.14733426E-03
    1606.,  0.81166860E+01,  0.10722006E+03, -0.11976790E+01, -0.46718876E-03, -0.21845972E-02,  0.14698543E-03
    1607.,  0.77606489E+01,  0.10697594E+03, -0.11976790E+01, -0.39239843E-03, -0.23481529E-02,  0.14674692E-03
    1608.,  0.74630848E+01,  0.10673473E+03, -0.11976790E+01, -0.31343247E-03, -0.24918617E-02,  0.14653470E-03
    1609.,  0.72158860E+01,  0.10650347E+03, -0.11976790E+01, -0.23429813E-03, -0.26159159E-02,  0.14631276E-03
    1610.,  0.69858039E+01,  0.10625762E+03, -0.11976790E+01, -0.14751963E-03, -0.27352018E-02,  0.14653794E-03
    1611.,  0.67458568E+01,  0.10596196E+03, -0.11976790E+01, -0.40433808E-04, -0.28636154E-02,  0.14723719E-03
    1612.,  0.65029237E+01,  0.10560847E+03, -0.11976790E+01,  0.90405424E-04, -0.29983600E-02,  0.14905511E-03
    1613.,  0.62676969E+01,  0.10519069E+03, -0.11976790E+01,  0.24773596E-03, -0.31345231E-02,  0.15414290E-03
    1614.,  0.60549283E+01,  0.10470590E+03, -0.11976790E+01,  0.43270567E-03, -0.32650088E-02,  0.16758766E-03
    1615.,  0.58824231E+01,  0.10415797E+03, -0.11976790E+01,  0.64306652E-03, -0.33819500E-02,  0.20768395E-03
    1616.,  0.57682211E+01,  0.10355959E+03, -0.11976790E+01,  0.86537952E-03, -0.34814330E-02,  0.27815492E-03
    1617.,  0.57262458E+01,  0.10293243E+03, -0.11976790E+01,  0.10723803E-02, -0.35640904E-02,  0.32594408E-03
    1618.,  0.57620394E+01,  0.10230412E+03, -0.11976790E+01,  0.12444441E-02, -0.36514933E-02,  0.33564242E-03
    1619.,  0.58708612E+01,  0.10170252E+03, -0.11976790E+01,  0.13513083E-02, -0.37876897E-02,  0.34779350E-03
    1620.,  0.60393212E+01,  0.10114993E+03, -0.11976790E+01,  0.13565371E-02, -0.39920835E-02,  0.37775798E-03
    1621.,  0.62495371E+01,  0.10065982E+03, -0.11976790E+01,  0.12931400E-02, -0.42220950E-02,  0.49545795E-03
    1622.,  0.64835550E+01,  0.10023668E+03, -0.11976790E+01,  0.12061216E-02, -0.44478843E-02,  0.86117197E-03
    1623.,  0.67263186E+01,  0.99878234E+02, -0.11976790E+01,  0.11316732E-02, -0.46692470E-02,  0.12904259E-02
    1624.,  0.69668064E+01,  0.99578206E+02, -0.11976790E+01,  0.11194401E-02, -0.48925836E-02,  0.20782888E-02
    1625.,  0.68592811E+01,  0.98993467E+02, -0.11976790E+01,  0.13101226E-02, -0.74733022E-02, -0.49021053E-02
    1626.,  0.71285326E+01,  0.98739029E+02, -0.11976790E+01,  0.18649530E-02, -0.73553441E-02, -0.34292209E-02
    1627.,  0.74533302E+01,  0.98473099E+02, -0.11976790E+01,  0.23969413E-02, -0.71806927E-02, -0.21457732E-02
    1628.,  0.78428534E+01,  0.98203323E+02, -0.11976790E+01,  0.29208922E-02, -0.65037081E-02, -0.18732473E-02
    1629.,  0.83046371E+01,  0.97941735E+02, -0.11976790E+01,  0.31965306E-02, -0.57089604E-02, -0.98794042E-03
    1630.,  0.88419255E+01,  0.97705086E+02, -0.11976790E+01,  0.32980248E-02, -0.47816646E-02, -0.32216551E-03
    1631.,  0.94504058E+01,  0.97513709E+02, -0.11976790E+01,  0.33088409E-02, -0.37394722E-02, -0.56619269E-04
    1632.,  0.10115533E+02,  0.97388221E+02, -0.11976790E+01,  0.30902663E-02, -0.26091965E-02,  0.33651299E-03
    1633.,  0.10812349E+02,  0.97344404E+02, -0.11976790E+01,  0.24116306E-02, -0.24366758E-02,  0.10052634E-02
    1634.,  0.11509165E+02,  0.97388221E+02, -0.11976790E+01,  0.12696991E-02, -0.33348948E-02,  0.11465123E-02
    1635.,  0.12174292E+02,  0.97513709E+02, -0.11976790E+01,  0.55299741E-03, -0.40301233E-02,  0.12146163E-02
    1636.,  0.12782772E+02,  0.97705086E+02, -0.11976790E+01,  0.33633400E-03, -0.45160259E-02,  0.14782627E-02
    1637.,  0.13320061E+02,  0.97941735E+02, -0.11976790E+01,  0.45106916E-03, -0.48537880E-02,  0.20383958E-02
    1638.,  0.13781845E+02,  0.98203323E+02, -0.11976790E+01,  0.67240337E-03, -0.48180987E-02,  0.24777182E-02
    1639.,  0.14171368E+02,  0.98473099E+02, -0.11976790E+01,  0.80840474E-03, -0.45208972E-02,  0.25082968E-02
    1640.,  0.14496165E+02,  0.98739029E+02, -0.11976790E+01,  0.80655321E-03, -0.39300296E-02,  0.23879435E-02
    1641.,  0.14765417E+02,  0.98993467E+02, -0.11976790E+01,  0.86283625E-03, -0.35923209E-02,  0.27019555E-02
    1642.,  0.15018113E+02,  0.99266390E+02, -0.11976790E+01,  0.67200817E-03, -0.27128518E-02,  0.13359731E-02
    1643.,  0.15281127E+02,  0.99594522E+02, -0.11976790E+01,  0.53862436E-03, -0.22892787E-02,  0.71474140E-03
    1644.,  0.15546631E+02,  0.99986544E+02, -0.11976790E+01,  0.28103250E-03, -0.19274188E-02,  0.51637122E-03
    1645.,  0.15802570E+02,  0.10044932E+03, -0.11976790E+01,  0.33945605E-04, -0.16444127E-02,  0.33829343E-03
    1646.,  0.16032478E+02,  0.10098534E+03, -0.11976790E+01, -0.15187334E-03, -0.14572851E-02,  0.35185647E-03
    1647.,  0.16216718E+02,  0.10158969E+03, -0.11976790E+01, -0.26042414E-03, -0.13684095E-02,  0.44117622E-03
    1648.,  0.16335733E+02,  0.10224765E+03, -0.11976790E+01, -0.32831286E-03, -0.13490610E-02,  0.42127272E-03
    1649.,  0.16374879E+02,  0.10293482E+03, -0.11976790E+01, -0.36402571E-03, -0.13522907E-02,  0.25923943E-03
    1650.,  0.16328972E+02,  0.10362072E+03, -0.11976790E+01, -0.38677880E-03, -0.13467944E-02,  0.15840990E-03
    1651.,  0.16204073E+02,  0.10427515E+03, -0.11976790E+01, -0.40233195E-03, -0.13296111E-02,  0.13975144E-03
    1652.,  0.16015409E+02,  0.10487441E+03, -0.11976790E+01, -0.41175639E-03, -0.13056377E-02,  0.13734860E-03
    1653.,  0.15782709E+02,  0.10540461E+03, -0.11976790E+01, -0.41713088E-03, -0.12788699E-02,  0.14046127E-03
    1654.,  0.15525448E+02,  0.10586153E+03, -0.11976790E+01, -0.42115067E-03, -0.12519106E-02,  0.14265625E-03
    1655.,  0.15259759E+02,  0.10624812E+03, -0.11976790E+01, -0.42563452E-03, -0.12264392E-02,  0.14445110E-03
    1656.,  0.14997336E+02,  0.10657148E+03, -0.11976790E+01, -0.43140196E-03, -0.12035103E-02,  0.14551395E-03
    1657.,  0.14745701E+02,  0.10684036E+03, -0.11976790E+01, -0.43832365E-03, -0.11834886E-02,  0.14625425E-03
    1658.,  0.14475347E+02,  0.10709329E+03, -0.11976790E+01, -0.44754745E-03, -0.11642270E-02,  0.14702282E-03
    1659.,  0.14149909E+02,  0.10735708E+03, -0.11976790E+01, -0.46132096E-03, -0.11449407E-02,  0.14769723E-03
    1660.,  0.13760521E+02,  0.10762408E+03, -0.11976790E+01, -0.48137101E-03, -0.11279232E-02,  0.14821472E-03
    1661.,  0.13300019E+02,  0.10788234E+03, -0.11976790E+01, -0.50964661E-03, -0.11175838E-02,  0.14862313E-03
    1662.,  0.12765508E+02,  0.10811543E+03, -0.11976790E+01, -0.54764572E-03, -0.11212569E-02,  0.14892741E-03
    1663.,  0.12161478E+02,  0.10830352E+03, -0.11976790E+01, -0.59509343E-03, -0.11494952E-02,  0.14912097E-03
    1664.,  0.11502305E+02,  0.10842665E+03, -0.11976790E+01, -0.64801473E-03, -0.12144619E-02,  0.14924439E-03
    1665.,  0.10812349E+02,  0.10846960E+03, -0.11976790E+01, -0.69749080E-03, -0.13254514E-02,  0.14941878E-03
    1666.,  0.10122393E+02,  0.10842665E+03, -0.11976790E+01, -0.73141108E-03, -0.14831692E-02,  0.14980312E-03
    1667.,  0.94632203E+01,  0.10830352E+03, -0.11976790E+01, -0.73953944E-03, -0.16772926E-02,  0.15046060E-03
    1668.,  0.88591897E+01,  0.10811543E+03, -0.11976790E+01, -0.71811760E-03, -0.18901150E-02,  0.15128051E-03
    1669.,  0.83246786E+01,  0.10788234E+03, -0.11976790E+01, -0.67028465E-03, -0.21034935E-02,  0.15208474E-03
    1670.,  0.78641768E+01,  0.10762408E+03, -0.11976790E+01, -0.60309215E-03, -0.23040362E-02,  0.15276398E-03
    1671.,  0.74747889E+01,  0.10735708E+03, -0.11976790E+01, -0.52423734E-03, -0.24844482E-02,  0.15333447E-03
    1672.,  0.71493512E+01,  0.10709329E+03, -0.11976790E+01, -0.44015706E-03, -0.26423606E-02,  0.15393904E-03
    1673.,  0.68789968E+01,  0.10684036E+03, -0.11976790E+01, -0.35571886E-03, -0.27782075E-02,  0.15469847E-03
    1674.,  0.66273623E+01,  0.10657148E+03, -0.11976790E+01, -0.26277227E-03, -0.29081335E-02,  0.15491733E-03
    1675.,  0.63649388E+01,  0.10624812E+03, -0.11976790E+01, -0.14789598E-03, -0.30478424E-02,  0.15482668E-03
    1676.,  0.60992496E+01,  0.10586153E+03, -0.11976790E+01, -0.73526640E-05, -0.31943265E-02,  0.15387135E-03
    1677.,  0.58419885E+01,  0.10540461E+03, -0.11976790E+01,  0.16218246E-03, -0.33422982E-02,  0.14960657E-03
    1678.,  0.56092894E+01,  0.10487441E+03, -0.11976790E+01,  0.36314149E-03, -0.34838519E-02,  0.13410700E-03
    1679.,  0.54206252E+01,  0.10427515E+03, -0.11976790E+01,  0.59679264E-03, -0.36079335E-02,  0.82254907E-04
    1680.,  0.52957257E+01,  0.10362072E+03, -0.11976790E+01,  0.85698944E-03, -0.36999536E-02, -0.58200580E-04
    1681.,  0.52498185E+01,  0.10293482E+03, -0.11976790E+01,  0.10984513E-02, -0.37478068E-02, -0.19638340E-03
    1682.,  0.52889649E+01,  0.10224765E+03, -0.11976790E+01,  0.13200632E-02, -0.37823008E-02, -0.18764209E-03
    1683.,  0.54079803E+01,  0.10158969E+03, -0.11976790E+01,  0.14959923E-02, -0.38677762E-02, -0.13645246E-03
    1684.,  0.55922204E+01,  0.10098534E+03, -0.11976790E+01,  0.15317925E-02, -0.40718905E-02, -0.21677607E-03
    1685.,  0.58221277E+01,  0.10044932E+03, -0.11976790E+01,  0.14884621E-02, -0.44159391E-02, -0.45562235E-03
    1686.,  0.60780666E+01,  0.99986544E+02, -0.11976790E+01,  0.13965832E-02, -0.50192061E-02, -0.12941302E-02
    1687.,  0.63435704E+01,  0.99594522E+02, -0.11976790E+01,  0.13198729E-02, -0.57891778E-02, -0.19706665E-02
    1688.,  0.66065853E+01,  0.99266390E+02, -0.11976790E+01,  0.14532669E-02, -0.65547590E-02, -0.31339757E-02
    1689.,  0.62681257E+01,  0.98408223E+02, -0.11976790E+01,  0.37816642E-01,  0.14456507E-01, -0.28424229E+00
    1690.,  0.66487520E+01,  0.98196191E+02, -0.11976790E+01,  0.31185618E-01,  0.63847448E-02, -0.23667568E+00
    1691.,  0.70756666E+01,  0.97974583E+02, -0.11976790E+01,  0.26001367E-01,  0.14650924E-02, -0.18967635E+00
    1692.,  0.75565193E+01,  0.97749770E+02, -0.11976790E+01,  0.20963606E-01, -0.26935703E-02, -0.13927532E+00
    1693.,  0.80975891E+01,  0.97531779E+02, -0.11976790E+01,  0.15587320E-01, -0.56873716E-02, -0.90316077E-01
    1694.,  0.87015794E+01,  0.97334572E+02, -0.11976790E+01,  0.10248097E-01, -0.57386693E-02, -0.47440065E-01
    1695.,  0.93648963E+01,  0.97175092E+02, -0.11976790E+01,  0.62761920E-02, -0.37661241E-02, -0.19065586E-01
    1696.,  0.10075419E+02,  0.97070518E+02, -0.11976790E+01,  0.42260730E-02, -0.22237987E-02, -0.25711805E-02
    1697.,  0.10812349E+02,  0.97034004E+02, -0.11976790E+01,  0.30649509E-02, -0.20770537E-02,  0.12280203E-01
    1698.,  0.11549279E+02,  0.97070518E+02, -0.11976790E+01,  0.11977538E-03, -0.43265096E-02,  0.26357439E-01
    1699.,  0.12259802E+02,  0.97175092E+02, -0.11976790E+01, -0.36192258E-02, -0.48756633E-02,  0.41346561E-01
    1700.,  0.12923118E+02,  0.97334572E+02, -0.11976790E+01, -0.60016309E-02, -0.37491703E-02,  0.67028067E-01
    1701.,  0.13527109E+02,  0.97531779E+02, -0.11976790E+01, -0.78142457E-02, -0.14859077E-02,  0.10310028E+00
    1702.,  0.14068179E+02,  0.97749770E+02, -0.11976790E+01, -0.10225885E-01,  0.20629044E-02,  0.14092667E+00
    1703.,  0.14549031E+02,  0.97974583E+02, -0.11976790E+01, -0.13087059E-01,  0.66168698E-02,  0.17424498E+00
    1704.,  0.14975946E+02,  0.98196191E+02, -0.11976790E+01, -0.16036303E-01,  0.11219586E-01,  0.20165369E+00
    1705.,  0.15356572E+02,  0.98408223E+02, -0.11976790E+01, -0.19202840E-01,  0.16499757E-01,  0.22492245E+00
    1706.,  0.15567152E+02,  0.98791128E+02, -0.11976790E+01, -0.98109074E-02,  0.60095590E-02,  0.15006518E+00
    1707.,  0.15786331E+02,  0.99220040E+02, -0.11976790E+01, -0.43660164E-02,  0.10892231E-02,  0.90299782E-01
    1708.,  0.16007584E+02,  0.99702193E+02, -0.11976790E+01, -0.14485287E-02, -0.81882541E-03,  0.46088338E-01
    1709.,  0.16220867E+02,  0.10024331E+03, -0.11976790E+01, -0.52990517E-03, -0.11504485E-02,  0.20841181E-01
    1710.,  0.16412456E+02,  0.10084546E+03, -0.11976790E+01, -0.39836435E-03, -0.11735665E-02,  0.97985509E-02
    1711.,  0.16565989E+02,  0.10150455E+03, -0.11976790E+01, -0.33453303E-03, -0.12574009E-02,  0.53223229E-02
    1712.,  0.16665169E+02,  0.10220832E+03, -0.11976790E+01, -0.32274051E-03, -0.13253043E-02,  0.28543013E-02
    1713.,  0.16697791E+02,  0.10293643E+03, -0.11976790E+01, -0.35700881E-03, -0.13531786E-02,  0.12651399E-02
    1714.,  0.16659535E+02,  0.10366348E+03, -0.11976790E+01, -0.38042707E-03, -0.13498533E-02,  0.44916452E-03
    1715.,  0.16555452E+02,  0.10436432E+03, -0.11976790E+01, -0.40066357E-03, -0.13307595E-02,  0.16764324E-03
    1716.,  0.16398232E+02,  0.10501917E+03, -0.11976790E+01, -0.41545704E-03, -0.13051628E-02,  0.85686897E-04
    1717.,  0.16204316E+02,  0.10561647E+03, -0.11976790E+01, -0.42674084E-03, -0.12780786E-02,  0.64892620E-04
    1718.,  0.15989932E+02,  0.10615270E+03, -0.11976790E+01, -0.43760622E-03, -0.12518542E-02,  0.61626965E-04
    1719.,  0.15768524E+02,  0.10663033E+03, -0.11976790E+01, -0.45008075E-03, -0.12277571E-02,  0.62315762E-04
    1720.,  0.15549838E+02,  0.10705527E+03, -0.11976790E+01, -0.46483468E-03, -0.12065936E-02,  0.63495012E-04
    1721.,  0.15340142E+02,  0.10743480E+03, -0.11976790E+01, -0.48237151E-03, -0.11888353E-02,  0.63644676E-04
    1722.,  0.14958597E+02,  0.10764557E+03, -0.11976790E+01, -0.49142689E-03, -0.11702653E-02,  0.93601727E-04
    1723.,  0.14531149E+02,  0.10786540E+03, -0.11976790E+01, -0.50506686E-03, -0.11509124E-02,  0.11544569E-03
    1724.,  0.14050409E+02,  0.10808790E+03, -0.11976790E+01, -0.52535411E-03, -0.11332030E-02,  0.13045854E-03
    1725.,  0.13510408E+02,  0.10830312E+03, -0.11976790E+01, -0.55472140E-03, -0.11218206E-02,  0.14005426E-03
    1726.,  0.12908732E+02,  0.10849736E+03, -0.11976790E+01, -0.59535038E-03, -0.11246983E-02,  0.14564989E-03
    1727.,  0.12249123E+02,  0.10865410E+03, -0.11976790E+01, -0.64778541E-03, -0.11533334E-02,  0.14860528E-03
    1728.,  0.11543562E+02,  0.10875671E+03, -0.11976790E+01, -0.70881329E-03, -0.12211286E-02,  0.15031854E-03
    1729.,  0.10812349E+02,  0.10879250E+03, -0.11976790E+01, -0.76993296E-03, -0.13388170E-02,  0.15232804E-03
    1730.,  0.10081136E+02,  0.10875671E+03, -0.11976790E+01, -0.81888449E-03, -0.15086107E-02,  0.15629515E-03
    1731.,  0.93755751E+01,  0.10865410E+03, -0.11976790E+01, -0.84473101E-03, -0.17214998E-02,  0.16369074E-03
    1732.,  0.87159662E+01,  0.10849736E+03, -0.11976790E+01, -0.84272691E-03, -0.19605246E-02,  0.17523304E-03
    1733.,  0.81142903E+01,  0.10830312E+03, -0.11976790E+01, -0.81505234E-03, -0.22075001E-02,  0.19058215E-03
    1734.,  0.75742889E+01,  0.10808790E+03, -0.11976790E+01, -0.76800838E-03, -0.24483354E-02,  0.20846370E-03
    1735.,  0.70935489E+01,  0.10786540E+03, -0.11976790E+01, -0.70876312E-03, -0.26747857E-02,  0.22666396E-03
    1736.,  0.66661008E+01,  0.10764557E+03, -0.11976790E+01, -0.64345838E-03, -0.28835232E-02,  0.24163944E-03
    1737.,  0.62845555E+01,  0.10743480E+03, -0.11976790E+01, -0.57635379E-03, -0.30748389E-02,  0.24774375E-03
    1738.,  0.60748601E+01,  0.10705527E+03, -0.11976790E+01, -0.44461191E-03, -0.31847559E-02,  0.21249051E-03
    1739.,  0.58561738E+01,  0.10663033E+03, -0.11976790E+01, -0.29405943E-03, -0.33039903E-02,  0.16956080E-03
    1740.,  0.56347661E+01,  0.10615270E+03, -0.11976790E+01, -0.12163024E-03, -0.34303947E-02,  0.10639554E-03
    1741.,  0.54203819E+01,  0.10561647E+03, -0.11976790E+01,  0.75628158E-04, -0.35601586E-02, -0.64737968E-05
    1742.,  0.52264660E+01,  0.10501917E+03, -0.11976790E+01,  0.30092247E-03, -0.36870029E-02, -0.23864187E-03
    1743.,  0.50692458E+01,  0.10436432E+03, -0.11976790E+01,  0.55772926E-03, -0.38011215E-02, -0.77465706E-03
    1744.,  0.49651629E+01,  0.10366348E+03, -0.11976790E+01,  0.84811151E-03, -0.38856146E-02, -0.18638109E-02
    1745.,  0.49269069E+01,  0.10293643E+03, -0.11976790E+01,  0.11325671E-02, -0.39317044E-02, -0.38117813E-02
    1746.,  0.49595289E+01,  0.10220832E+03, -0.11976790E+01,  0.15047750E-02, -0.39379579E-02, -0.72824694E-02
    1747.,  0.50587084E+01,  0.10150455E+03, -0.11976790E+01,  0.20991303E-02, -0.39291202E-02, -0.13919175E-01
    1748.,  0.52122418E+01,  0.10084546E+03, -0.11976790E+01,  0.31550021E-02, -0.40662150E-02, -0.28241266E-01
    1749.,  0.54038312E+01,  0.10024331E+03, -0.11976790E+01,  0.54883866E-02, -0.41957626E-02, -0.56814571E-01
    1750.,  0.56171136E+01,  0.99702193E+02, -0.11976790E+01,  0.96229409E-02, -0.34761425E-02, -0.10029957E+00
    1751.,  0.58383669E+01,  0.99220040E+02, -0.11976790E+01,  0.15483923E-01, -0.11130244E-02, -0.15409519E+00
    1752.,  0.60575459E+01,  0.98791128E+02, -0.11976790E+01,  0.23736490E-01,  0.39854259E-02, -0.21454289E+00
    1753.,  0.56769704E+01,  0.97822979E+02, -0.11976790E+01,  0.13462907E+00,  0.11567981E+00, -0.74604575E+00
    1754.,  0.61689714E+01,  0.97653354E+02, -0.11976790E+01,  0.11715834E+00,  0.97352181E-01, -0.64466105E+00
    1755.,  0.66980031E+01,  0.97476067E+02, -0.11976790E+01,  0.97172409E-01,  0.76148208E-01, -0.53297677E+00
    1756.,  0.72701852E+01,  0.97296217E+02, -0.11976790E+01,  0.74560061E-01,  0.50835454E-01, -0.41275189E+00
    1757.,  0.78905411E+01,  0.97121824E+02, -0.11976790E+01,  0.50347836E-01,  0.24196127E-01, -0.28817133E+00
    1758.,  0.85612333E+01,  0.96964059E+02, -0.11976790E+01,  0.29867784E-01,  0.51688636E-02, -0.17140551E+00
    1759.,  0.92793868E+01,  0.96836474E+02, -0.11976790E+01,  0.15279337E-01, -0.17758912E-02, -0.78460744E-01
    1760.,  0.10035305E+02,  0.96752815E+02, -0.11976790E+01,  0.71791434E-02, -0.18655200E-02, -0.15605506E-01
    1761.,  0.10812349E+02,  0.96723604E+02, -0.11976790E+01,  0.30239465E-02, -0.17410290E-02,  0.36505985E-01
    1762.,  0.11589393E+02,  0.96752815E+02, -0.11976790E+01, -0.36660461E-02, -0.23084170E-02,  0.84741535E-01
    1763.,  0.12345311E+02,  0.96836474E+02, -0.11976790E+01, -0.13078384E-01,  0.39612720E-02,  0.13586449E+00
    1764.,  0.13063465E+02,  0.96964059E+02, -0.11976790E+01, -0.23103974E-01,  0.17781019E-01,  0.21137549E+00
    1765.,  0.13734157E+02,  0.97121824E+02, -0.11976790E+01, -0.35756911E-01,  0.36621482E-01,  0.30768138E+00
    1766.,  0.14354513E+02,  0.97296217E+02, -0.11976790E+01, -0.49848979E-01,  0.57585405E-01,  0.40404195E+00
    1767.,  0.14926695E+02,  0.97476067E+02, -0.11976790E+01, -0.63659085E-01,  0.77740613E-01,  0.49379913E+00
    1768.,  0.15455726E+02,  0.97653354E+02, -0.11976790E+01, -0.75891420E-01,  0.95102005E-01,  0.57346639E+00
    1769.,  0.15947728E+02,  0.97822979E+02, -0.11976790E+01, -0.86338722E-01,  0.10936633E+00,  0.64429025E+00
    1770.,  0.16116191E+02,  0.98315865E+02, -0.11976790E+01, -0.56681041E-01,  0.67629221E-01,  0.47510764E+00
    1771.,  0.16291535E+02,  0.98845558E+02, -0.11976790E+01, -0.30089201E-01,  0.32045797E-01,  0.31102144E+00
    1772.,  0.16468537E+02,  0.99417843E+02, -0.11976790E+01, -0.12090952E-01,  0.10207577E-01,  0.17419522E+00
    1773.,  0.16639163E+02,  0.10003730E+03, -0.11976790E+01, -0.37172553E-02,  0.15907872E-02,  0.82498642E-01
    1774.,  0.16792435E+02,  0.10070558E+03, -0.11976790E+01, -0.12141048E-02, -0.54595740E-03,  0.36378241E-01
    1775.,  0.16915261E+02,  0.10141942E+03, -0.11976790E+01, -0.50809163E-03, -0.11416906E-02,  0.16649654E-01
    1776.,  0.16994605E+02,  0.10216900E+03, -0.11976790E+01, -0.32898557E-03, -0.13298530E-02,  0.75778021E-02
    1777.,  0.17020703E+02,  0.10293805E+03, -0.11976790E+01, -0.35253757E-03, -0.13665478E-02,  0.30932803E-02
    1778.,  0.16990098E+02,  0.10370625E+03, -0.11976790E+01, -0.37562310E-03, -0.13575922E-02,  0.10616868E-02
    1779.,  0.16906831E+02,  0.10445348E+03, -0.11976790E+01, -0.40093323E-03, -0.13317511E-02,  0.29854317E-03
    1780.,  0.16781055E+02,  0.10516392E+03, -0.11976790E+01, -0.42088790E-03, -0.13026752E-02,  0.47009390E-04
    1781.,  0.16625923E+02,  0.10582832E+03, -0.11976790E+01, -0.43760673E-03, -0.12743756E-02, -0.35808674E-04
    1782.,  0.16454415E+02,  0.10644387E+03, -0.11976790E+01, -0.45464401E-03, -0.12482971E-02, -0.63161756E-04
    1783.,  0.16277289E+02,  0.10701254E+03, -0.11976790E+01, -0.47347666E-03, -0.12257557E-02, -0.72580093E-04
    1784.,  0.16102340E+02,  0.10753905E+03, -0.11976790E+01, -0.49482522E-03, -0.12070686E-02, -0.77064055E-04
    1785.,  0.15934584E+02,  0.10802924E+03, -0.11976790E+01, -0.51788152E-03, -0.11925021E-02, -0.80021169E-04
    1786.,  0.15441847E+02,  0.10819786E+03, -0.11976790E+01, -0.52658715E-03, -0.11764900E-02, -0.66364077E-05
    1787.,  0.14912389E+02,  0.10837372E+03, -0.11976790E+01, -0.54021711E-03, -0.11579663E-02,  0.52202958E-04
    1788.,  0.14340297E+02,  0.10855172E+03, -0.11976790E+01, -0.56117247E-03, -0.11397672E-02,  0.94727005E-04
    1789.,  0.13720796E+02,  0.10872390E+03, -0.11976790E+01, -0.59237478E-03, -0.11270926E-02,  0.12254111E-03
    1790.,  0.13051955E+02,  0.10887929E+03, -0.11976790E+01, -0.63672347E-03, -0.11286864E-02,  0.13881298E-03
    1791.,  0.12336768E+02,  0.10900468E+03, -0.11976790E+01, -0.69559935E-03, -0.11571877E-02,  0.14737973E-03
    1792.,  0.11584819E+02,  0.10908677E+03, -0.11976790E+01, -0.76649731E-03, -0.12273780E-02,  0.15232419E-03
    1793.,  0.10812349E+02,  0.10911540E+03, -0.11976790E+01, -0.84120891E-03, -0.13514942E-02,  0.15790000E-03
    1794.,  0.10039879E+02,  0.10908677E+03, -0.11976790E+01, -0.90715592E-03, -0.15332603E-02,  0.16857923E-03
    1795.,  0.92879298E+01,  0.10900468E+03, -0.11976790E+01, -0.95248631E-03, -0.17649375E-02,  0.18857240E-03
    1796.,  0.85727428E+01,  0.10887929E+03, -0.11976790E+01, -0.97122340E-03, -0.20301968E-02,  0.22031818E-03
    1797.,  0.79039020E+01,  0.10872390E+03, -0.11976790E+01, -0.96439403E-03, -0.23105701E-02,  0.26285252E-03
    1798.,  0.72844009E+01,  0.10855172E+03, -0.11976790E+01, -0.93744525E-03, -0.25908998E-02,  0.31101782E-03
    1799.,  0.67123089E+01,  0.10837372E+03, -0.11976790E+01, -0.89696105E-03, -0.28614686E-02,  0.35489539E-03
    1800.,  0.61828505E+01,  0.10819786E+03, -0.11976790E+01, -0.84859448E-03, -0.31175710E-02,  0.37817347E-03
    1801.,  0.56901142E+01,  0.10802924E+03, -0.11976790E+01, -0.79643060E-03, -0.33574140E-02,  0.35536985E-03
    1802.,  0.55223579E+01,  0.10753905E+03, -0.11976790E+01, -0.62226428E-03, -0.34473950E-02,  0.24950881E-03
    1803.,  0.53474089E+01,  0.10701254E+03, -0.11976790E+01, -0.43445561E-03, -0.35470267E-02,  0.11654794E-03
    1804.,  0.51702827E+01,  0.10644387E+03, -0.11976790E+01, -0.23021917E-03, -0.36552658E-02, -0.75432916E-04
    1805.,  0.49987753E+01,  0.10582832E+03, -0.11976790E+01, -0.61118544E-05, -0.37696486E-02, -0.39950681E-03
    1806.,  0.48436426E+01,  0.10516392E+03, -0.11976790E+01,  0.24200581E-03, -0.38862923E-02, -0.10325882E-02
    1807.,  0.47178665E+01,  0.10445348E+03, -0.11976790E+01,  0.52215600E-03, -0.39976671E-02, -0.23809084E-02
    1808.,  0.46346001E+01,  0.10370625E+03, -0.11976790E+01,  0.84533445E-03, -0.40902886E-02, -0.51708017E-02
    1809.,  0.46039953E+01,  0.10293805E+03, -0.11976790E+01,  0.11913322E-02, -0.41543183E-02, -0.11075237E-01
    1810.,  0.46300929E+01,  0.10216900E+03, -0.11976790E+01,  0.19258715E-02, -0.40877964E-02, -0.23435069E-01
    1811.,  0.47094365E+01,  0.10141942E+03, -0.11976790E+01,  0.39085250E-02, -0.35311241E-02, -0.48611957E-01
    1812.,  0.48322632E+01,  0.10070558E+03, -0.11976790E+01,  0.91464788E-02, -0.11734884E-02, -0.10004652E+00
    1813.,  0.49855348E+01,  0.10003730E+03, -0.11976790E+01,  0.21470720E-01,  0.67541602E-02, -0.18987030E+00
    1814.,  0.51561607E+01,  0.99417843E+02, -0.11976790E+01,  0.42409104E-01,  0.23805457E-01, -0.31237254E+00
    1815.,  0.53331633E+01,  0.98845558E+02, -0.11976790E+01,  0.69664065E-01,  0.49040932E-01, -0.45225220E+00
    1816.,  0.55085065E+01,  0.98315865E+02, -0.11976790E+01,  0.10152462E+00,  0.80691475E-01, -0.59971459E+00
    1817.,  0.50858150E+01,  0.97237735E+02, -0.11976790E+01,  0.22436191E+00,  0.21005642E+00, -0.11931841E+01
    1818.,  0.56891908E+01,  0.97110516E+02, -0.11976790E+01,  0.19824018E+00,  0.18335040E+00, -0.10409852E+01
    1819.,  0.63203396E+01,  0.96977552E+02, -0.11976790E+01,  0.16994907E+00,  0.15335185E+00, -0.88062892E+00
    1820.,  0.69838512E+01,  0.96842664E+02, -0.11976790E+01,  0.13658041E+00,  0.11607042E+00, -0.70765211E+00
    1821.,  0.76834930E+01,  0.96711869E+02, -0.11976790E+01,  0.98835931E-01,  0.71848072E-01, -0.52552715E+00
    1822.,  0.84208872E+01,  0.96593545E+02, -0.11976790E+01,  0.61930598E-01,  0.31912483E-01, -0.34140816E+00
    1823.,  0.91938774E+01,  0.96497857E+02, -0.11976790E+01,  0.33249933E-01,  0.66916889E-02, -0.17872538E+00
    1824.,  0.99951909E+01,  0.96435112E+02, -0.11976790E+01,  0.13602065E-01, -0.15699084E-02, -0.45811536E-01
    1825.,  0.10812349E+02,  0.96413204E+02, -0.11976790E+01,  0.20431797E-02, -0.13797024E-02,  0.67193323E-01
    1826.,  0.11629507E+02,  0.96435112E+02, -0.11976790E+01, -0.11548573E-01,  0.19135226E-02,  0.16470439E+00
    1827.,  0.12430821E+02,  0.96497857E+02, -0.11976790E+01, -0.29322827E-01,  0.21648668E-01,  0.26092688E+00
    1828.,  0.13203811E+02,  0.96593545E+02, -0.11976790E+01, -0.48491874E-01,  0.52046248E-01,  0.38845376E+00
    1829.,  0.13941205E+02,  0.96711869E+02, -0.11976790E+01, -0.69865331E-01,  0.85295151E-01,  0.53361453E+00
    1830.,  0.14640847E+02,  0.96842664E+02, -0.11976790E+01, -0.94009981E-01,  0.12106396E+00,  0.68210002E+00
    1831.,  0.15304358E+02,  0.96977552E+02, -0.11976790E+01, -0.11868770E+00,  0.15607718E+00,  0.82690082E+00
    1832.,  0.15935507E+02,  0.97110516E+02, -0.11976790E+01, -0.14260728E+00,  0.18941029E+00,  0.96570629E+00
    1833.,  0.16538883E+02,  0.97237735E+02, -0.11976790E+01, -0.16355976E+00,  0.21880361E+00,  0.10934806E+01
    1834.,  0.16665231E+02,  0.97840603E+02, -0.11976790E+01, -0.11796646E+00,  0.15341114E+00,  0.84675446E+00
    1835.,  0.16796738E+02,  0.98471075E+02, -0.11976790E+01, -0.73087160E-01,  0.89847614E-01,  0.59759886E+00
    1836.,  0.16929490E+02,  0.99133493E+02, -0.11976790E+01, -0.34943244E-01,  0.38196125E-01,  0.36504659E+00
    1837.,  0.17057460E+02,  0.99831287E+02, -0.11976790E+01, -0.12023235E-01,  0.10152278E-01,  0.18609261E+00
    1838.,  0.17172413E+02,  0.10056571E+03, -0.11976790E+01, -0.31950720E-02,  0.98531102E-03,  0.81306225E-01
    1839.,  0.17264533E+02,  0.10133428E+03, -0.11976790E+01, -0.81022878E-03, -0.10344531E-02,  0.33643066E-01
    1840.,  0.17324041E+02,  0.10212967E+03, -0.11976790E+01, -0.35589375E-03, -0.13821928E-02,  0.13845584E-01
    1841.,  0.17343614E+02,  0.10293966E+03, -0.11976790E+01, -0.35377898E-03, -0.13920068E-02,  0.54757947E-02
    1842.,  0.17320661E+02,  0.10374902E+03, -0.11976790E+01, -0.37483499E-03, -0.13663236E-02,  0.19129977E-02
    1843.,  0.17258211E+02,  0.10454264E+03, -0.11976790E+01, -0.40377969E-03, -0.13308621E-02,  0.54060608E-03
    1844.,  0.17163879E+02,  0.10530868E+03, -0.11976790E+01, -0.42796957E-03, -0.12977593E-02,  0.52696999E-04
    1845.,  0.17047529E+02,  0.10604018E+03, -0.11976790E+01, -0.44961673E-03, -0.12669983E-02, -0.12231893E-03
    1846.,  0.16918899E+02,  0.10673505E+03, -0.11976790E+01, -0.47111394E-03, -0.12414968E-02, -0.18688749E-03
    1847.,  0.16786054E+02,  0.10739475E+03, -0.11976790E+01, -0.49479039E-03, -0.12207585E-02, -0.21339823E-03
    1848.,  0.16654842E+02,  0.10802284E+03, -0.11976790E+01, -0.51935667E-03, -0.12052426E-02, -0.22712678E-03
    1849.,  0.16529025E+02,  0.10862368E+03, -0.11976790E+01, -0.54251176E-03, -0.11948853E-02, -0.23491090E-03
    1850.,  0.15925098E+02,  0.10875015E+03, -0.11976790E+01, -0.55071863E-03, -0.11830901E-02, -0.12428868E-03
    1851.,  0.15293629E+02,  0.10888204E+03, -0.11976790E+01, -0.56446786E-03, -0.11664604E-02, -0.27887918E-04
    1852.,  0.14630185E+02,  0.10901554E+03, -0.11976790E+01, -0.58655100E-03, -0.11480605E-02,  0.46913533E-04
    1853.,  0.13931184E+02,  0.10914467E+03, -0.11976790E+01, -0.62048402E-03, -0.11338411E-02,  0.98130069E-04
    1854.,  0.13195179E+02,  0.10926122E+03, -0.11976790E+01, -0.66995960E-03, -0.11336276E-02,  0.12892157E-03
    1855.,  0.12424413E+02,  0.10935526E+03, -0.11976790E+01, -0.73720515E-03, -0.11614307E-02,  0.14539796E-03
    1856.,  0.11626077E+02,  0.10941683E+03, -0.11976790E+01, -0.82033599E-03, -0.12335655E-02,  0.15498056E-03
    1857.,  0.10812349E+02,  0.10943830E+03, -0.11976790E+01, -0.91128110E-03, -0.13638486E-02,  0.16556126E-03
    1858.,  0.99986211E+01,  0.10941683E+03, -0.11976790E+01, -0.99695826E-03, -0.15575340E-02,  0.18540526E-03
    1859.,  0.92002846E+01,  0.10935526E+03, -0.11976790E+01, -0.10643667E-02, -0.18081243E-02,  0.22235371E-03
    1860.,  0.84295193E+01,  0.10926122E+03, -0.11976790E+01, -0.11060124E-02, -0.20998180E-02,  0.28076743E-03
    1861.,  0.76935138E+01,  0.10914467E+03, -0.11976790E+01, -0.11215228E-02, -0.24136446E-02,  0.35740587E-03
    1862.,  0.69945129E+01,  0.10901554E+03, -0.11976790E+01, -0.11153872E-02, -0.27329624E-02,  0.43890052E-03
    1863.,  0.63310689E+01,  0.10888204E+03, -0.11976790E+01, -0.10936354E-02, -0.30460351E-02,  0.50117936E-03
    1864.,  0.56996001E+01,  0.10875015E+03, -0.11976790E+01, -0.10615729E-02, -0.33457549E-02,  0.51049965E-03
    1865.,  0.50956728E+01,  0.10862368E+03, -0.11976790E+01, -0.10232512E-02, -0.36282140E-02,  0.43255871E-03
    1866.,  0.49698556E+01,  0.10802284E+03, -0.11976790E+01, -0.80021068E-03, -0.36968812E-02,  0.23553321E-03
    1867.,  0.48386439E+01,  0.10739475E+03, -0.11976790E+01, -0.57159885E-03, -0.37762069E-02, -0.13440681E-04
    1868.,  0.47057993E+01,  0.10673505E+03, -0.11976790E+01, -0.33336685E-03, -0.38665525E-02, -0.37311899E-03
    1869.,  0.45771687E+01,  0.10604018E+03, -0.11976790E+01, -0.82265308E-04, -0.39678458E-02, -0.97286626E-03
    1870.,  0.44608192E+01,  0.10530868E+03, -0.11976790E+01,  0.18856195E-03, -0.40774324E-02, -0.21066156E-02
    1871.,  0.43664871E+01,  0.10454264E+03, -0.11976790E+01,  0.49296327E-03, -0.41931432E-02, -0.44467046E-02
    1872.,  0.43040373E+01,  0.10374902E+03, -0.11976790E+01,  0.85607588E-03, -0.43046020E-02, -0.93521167E-02
    1873.,  0.42810837E+01,  0.10293966E+03, -0.11976790E+01,  0.12967093E-02, -0.44275134E-02, -0.20342858E-01
    1874.,  0.43006569E+01,  0.10212967E+03, -0.11976790E+01,  0.25831900E-02, -0.42662083E-02, -0.45219878E-01
    1875.,  0.43601646E+01,  0.10133428E+03, -0.11976790E+01,  0.71216191E-02, -0.23055561E-02, -0.98359155E-01
    1876.,  0.44522847E+01,  0.10056571E+03, -0.11976790E+01,  0.19872366E-01,  0.59019567E-02, -0.20015786E+00
    1877.,  0.45672383E+01,  0.99831287E+02, -0.11976790E+01,  0.46437967E-01,  0.27676004E-01, -0.35896942E+00
    1878.,  0.46952078E+01,  0.99133493E+02, -0.11976790E+01,  0.85759198E-01,  0.64848903E-01, -0.55760026E+00
    1879.,  0.48279597E+01,  0.98471075E+02, -0.11976790E+01,  0.13184924E+00,  0.11178016E+00, -0.77237682E+00
    1880.,  0.49594671E+01,  0.97840603E+02, -0.11976790E+01,  0.17905231E+00,  0.16179424E+00, -0.98697523E+00
    1881.,  0.44946597E+01,  0.96652492E+02, -0.11976790E+01,  0.31250460E+00,  0.30231042E+00, -0.16361829E+01
    1882.,  0.52094102E+01,  0.96567679E+02, -0.11976790E+01,  0.27436764E+00,  0.26318098E+00, -0.14256018E+01
    1883.,  0.59426760E+01,  0.96479036E+02, -0.11976790E+01,  0.23834495E+00,  0.22660820E+00, -0.12189183E+01
    1884.,  0.66975171E+01,  0.96389110E+02, -0.11976790E+01,  0.19964033E+00,  0.18441511E+00, -0.10071782E+01
    1885.,  0.74764450E+01,  0.96301914E+02, -0.11976790E+01,  0.15141381E+00,  0.12736949E+00, -0.77551768E+00
    1886.,  0.82805411E+01,  0.96223031E+02, -0.11976790E+01,  0.10196625E+00,  0.68642633E-01, -0.53349655E+00
    1887.,  0.91083679E+01,  0.96159239E+02, -0.11976790E+01,  0.57331878E-01,  0.21927650E-01, -0.30146190E+00
    1888.,  0.99550769E+01,  0.96117410E+02, -0.11976790E+01,  0.24243174E-01, -0.77737194E-03, -0.93959980E-01
    1889.,  0.10812349E+02,  0.96102804E+02, -0.11976790E+01, -0.82644033E-03, -0.14183162E-02,  0.99047415E-01
    1890.,  0.11669621E+02,  0.96117410E+02, -0.11976790E+01, -0.24375475E-01,  0.80029768E-02,  0.26065975E+00
    1891.,  0.12516330E+02,  0.96159239E+02, -0.11976790E+01, -0.52605763E-01,  0.48606906E-01,  0.41153591E+00
    1892.,  0.13344157E+02,  0.96223031E+02, -0.11976790E+01, -0.78020410E-01,  0.94826854E-01,  0.58143040E+00
    1893.,  0.14148253E+02,  0.96301914E+02, -0.11976790E+01, -0.10618089E+00,  0.13904784E+00,  0.76975771E+00
    1894.,  0.14927181E+02,  0.96389110E+02, -0.11976790E+01, -0.14188650E+00,  0.18959811E+00,  0.97007065E+00
    1895.,  0.15682022E+02,  0.96479036E+02, -0.11976790E+01, -0.18183416E+00,  0.24560025E+00,  0.11812529E+01
    1896.,  0.16415288E+02,  0.96567679E+02, -0.11976790E+01, -0.21729749E+00,  0.29608025E+00,  0.13788005E+01
    1897.,  0.17130038E+02,  0.96652492E+02, -0.11976790E+01, -0.24708574E+00,  0.33798880E+00,  0.15595462E+01
    1898.,  0.17214270E+02,  0.97365341E+02, -0.11976790E+01, -0.18497179E+00,  0.24842403E+00,  0.12347266E+01
    1899.,  0.17301942E+02,  0.98096593E+02, -0.11976790E+01, -0.12395363E+00,  0.16078318E+00,  0.90909227E+00
    1900.,  0.17390443E+02,  0.98849142E+02, -0.11976790E+01, -0.67366597E-01,  0.81104163E-01,  0.59259643E+00
    1901.,  0.17475756E+02,  0.99625276E+02, -0.11976790E+01, -0.25985668E-01,  0.26396531E-01,  0.32240330E+00
    1902.,  0.17552392E+02,  0.10042583E+03, -0.11976790E+01, -0.66600339E-02,  0.40184228E-02,  0.14333886E+00
    1903.,  0.17613805E+02,  0.10124915E+03, -0.11976790E+01, -0.12758830E-02, -0.10028379E-02,  0.55344879E-01
    1904.,  0.17653477E+02,  0.10209034E+03, -0.11976790E+01, -0.40934315E-03, -0.14732802E-02,  0.20921614E-01
    1905.,  0.17666526E+02,  0.10294127E+03, -0.11976790E+01, -0.36641656E-03, -0.14223784E-02,  0.80802559E-02
    1906.,  0.17651223E+02,  0.10379178E+03, -0.11976790E+01, -0.37837829E-03, -0.13701906E-02,  0.28869998E-02
    1907.,  0.17609590E+02,  0.10463180E+03, -0.11976790E+01, -0.40870742E-03, -0.13284804E-02,  0.84653533E-03
    1908.,  0.17546702E+02,  0.10545343E+03, -0.11976790E+01, -0.43737860E-03, -0.12877881E-02,  0.88737278E-04
    1909.,  0.17469136E+02,  0.10625204E+03, -0.11976790E+01, -0.46127517E-03, -0.12564914E-02, -0.19306537E-03
    1910.,  0.17383382E+02,  0.10702622E+03, -0.11976790E+01, -0.48679966E-03, -0.12311748E-02, -0.30049825E-03
    1911.,  0.17294819E+02,  0.10777696E+03, -0.11976790E+01, -0.51334652E-03, -0.12125917E-02, -0.34840905E-03
    1912.,  0.17207344E+02,  0.10850662E+03, -0.11976790E+01, -0.53824355E-03, -0.12005409E-02, -0.37219365E-03
    1913.,  0.17123466E+02,  0.10921812E+03, -0.11976790E+01, -0.55742902E-03, -0.11944590E-02, -0.38804920E-03
    1914.,  0.16408348E+02,  0.10930243E+03, -0.11976790E+01, -0.56394369E-03, -0.11891699E-02, -0.24531186E-03
    1915.,  0.15674869E+02,  0.10939036E+03, -0.11976790E+01, -0.57700787E-03, -0.11758646E-02, -0.11501513E-03
    1916.,  0.14920073E+02,  0.10947936E+03, -0.11976790E+01, -0.59992330E-03, -0.11579742E-02, -0.79538081E-05
    1917.,  0.14141572E+02,  0.10956545E+03, -0.11976790E+01, -0.63705260E-03, -0.11422381E-02,  0.69003922E-04
    1918.,  0.13338402E+02,  0.10964315E+03, -0.11976790E+01, -0.69305964E-03, -0.11398611E-02,  0.11672408E-03
    1919.,  0.12512059E+02,  0.10970584E+03, -0.11976790E+01, -0.77099294E-03, -0.11664877E-02,  0.14273360E-03
    1920.,  0.11667334E+02,  0.10974689E+03, -0.11976790E+01, -0.86938761E-03, -0.12401620E-02,  0.15797023E-03
    1921.,  0.10812349E+02,  0.10976120E+03, -0.11976790E+01, -0.98005018E-03, -0.13763900E-02,  0.17458889E-03
    1922.,  0.99573637E+01,  0.10974689E+03, -0.11976790E+01, -0.10891359E-02, -0.15819929E-02,  0.20538421E-03
    1923.,  0.91126394E+01,  0.10970584E+03, -0.11976790E+01, -0.11821811E-02, -0.18516842E-02,  0.26249579E-03
    1924.,  0.82862959E+01,  0.10964315E+03, -0.11976790E+01, -0.12497462E-02, -0.21700723E-02,  0.35216457E-03
    1925.,  0.74831255E+01,  0.10956545E+03, -0.11976790E+01, -0.12896105E-02, -0.25174230E-02,  0.46696201E-03
    1926.,  0.67046249E+01,  0.10947936E+03, -0.11976790E+01, -0.13050948E-02, -0.28751946E-02,  0.58107246E-03
    1927.,  0.59498289E+01,  0.10939036E+03, -0.11976790E+01, -0.13018286E-02, -0.32288773E-02,  0.65258705E-03
    1928.,  0.52163497E+01,  0.10930243E+03, -0.11976790E+01, -0.12853056E-02, -0.35686437E-02,  0.63744988E-03
    1929.,  0.45012315E+01,  0.10921812E+03, -0.11976790E+01, -0.12599858E-02, -0.38885919E-02,  0.51320425E-03
    1930.,  0.44173534E+01,  0.10850662E+03, -0.11976790E+01, -0.98199509E-03, -0.39343172E-02,  0.21552550E-03
    1931.,  0.43298789E+01,  0.10777696E+03, -0.11976790E+01, -0.70840678E-03, -0.39917656E-02, -0.15758857E-03
    1932.,  0.42413158E+01,  0.10702622E+03, -0.11976790E+01, -0.43347483E-03, -0.40627230E-02, -0.70004990E-03
    1933.,  0.41555621E+01,  0.10625204E+03, -0.11976790E+01, -0.15234956E-03, -0.41498512E-02, -0.16007333E-02
    1934.,  0.40779958E+01,  0.10545343E+03, -0.11976790E+01,  0.14082090E-03, -0.42562002E-02, -0.32765862E-02
    1935.,  0.40151077E+01,  0.10463180E+03, -0.11976790E+01,  0.47046056E-03, -0.43777529E-02, -0.66582930E-02
    1936.,  0.39734745E+01,  0.10379178E+03, -0.11976790E+01,  0.88303075E-03, -0.45207191E-02, -0.13777776E-01
    1937.,  0.39581721E+01,  0.10294127E+03, -0.11976790E+01,  0.14515808E-02, -0.47404426E-02, -0.30391530E-01
    1938.,  0.39712209E+01,  0.10209034E+03, -0.11976790E+01,  0.34511674E-02, -0.44702072E-02, -0.70508074E-01
    1939.,  0.40108927E+01,  0.10124915E+03, -0.11976790E+01,  0.11504743E-01, -0.34688498E-03, -0.15823737E+00
    1940.,  0.40723061E+01,  0.10042583E+03, -0.11976790E+01,  0.34163288E-01,  0.16648662E-01, -0.31735810E+00
    1941.,  0.41489419E+01,  0.99625276E+02, -0.11976790E+01,  0.76832709E-01,  0.55381643E-01, -0.54648418E+00
    1942.,  0.42342548E+01,  0.98849142E+02, -0.11976790E+01,  0.13383165E+00,  0.11281264E+00, -0.81646453E+00
    1943.,  0.43227561E+01,  0.98096593E+02, -0.11976790E+01,  0.19523611E+00,  0.17760723E+00, -0.10967107E+01
    1944.,  0.44104277E+01,  0.97365341E+02, -0.11976790E+01,  0.25546531E+00,  0.24170367E+00, -0.13714520E+01
    1945.,  0.39035043E+01,  0.96067248E+02, -0.11976790E+01,  0.39175016E+00,  0.38318520E+00, -0.20566486E+01
    1946.,  0.47296296E+01,  0.96024841E+02, -0.11976790E+01,  0.34506013E+00,  0.33593048E+00, -0.17955779E+01
    1947.,  0.55650125E+01,  0.95980520E+02, -0.11976790E+01,  0.29561993E+00,  0.28484706E+00, -0.15261776E+01
    1948.,  0.64111830E+01,  0.95935557E+02, -0.11976790E+01,  0.25241088E+00,  0.24008832E+00, -0.12813659E+01
    1949.,  0.72693970E+01,  0.95891959E+02, -0.11976790E+01,  0.20605527E+00,  0.18673670E+00, -0.10325539E+01
    1950.,  0.81401950E+01,  0.95852518E+02, -0.11976790E+01,  0.14153193E+00,  0.10819678E+00, -0.72935621E+00
    1951.,  0.90228584E+01,  0.95820622E+02, -0.11976790E+01,  0.82026532E-01,  0.38036580E-01, -0.42623197E+00
    1952.,  0.99149629E+01,  0.95799707E+02, -0.11976790E+01,  0.35251132E-01,  0.39187067E-03, -0.14718654E+00
    1953.,  0.10812349E+02,  0.95792404E+02, -0.11976790E+01, -0.43056430E-02, -0.14554975E-02,  0.12301718E+00
    1954.,  0.11709735E+02,  0.95799707E+02, -0.11976790E+01, -0.43362539E-01,  0.13680119E-01,  0.37011170E+00
    1955.,  0.12601839E+02,  0.95820622E+02, -0.11976790E+01, -0.82768703E-01,  0.84688858E-01,  0.57963653E+00
    1956.,  0.13484503E+02,  0.95852518E+02, -0.11976790E+01, -0.11122438E+00,  0.14641617E+00,  0.78989603E+00
    1957.,  0.14355301E+02,  0.95891959E+02, -0.11976790E+01, -0.14479375E+00,  0.19471773E+00,  0.10113025E+01
    1958.,  0.15213515E+02,  0.95935557E+02, -0.11976790E+01, -0.19946143E+00,  0.27060313E+00,  0.12816797E+01
    1959.,  0.16059685E+02,  0.95980520E+02, -0.11976790E+01, -0.25188513E+00,  0.34596955E+00,  0.15526309E+01
    1960.,  0.16895068E+02,  0.96024841E+02, -0.11976790E+01, -0.29368628E+00,  0.40535020E+00,  0.17963098E+01
    1961.,  0.17721194E+02,  0.96067248E+02, -0.11976790E+01, -0.33268561E+00,  0.46130604E+00,  0.20316673E+01
    1962.,  0.17763310E+02,  0.96890079E+02, -0.11976790E+01, -0.25638739E+00,  0.35056557E+00,  0.16346011E+01
    1963.,  0.17807145E+02,  0.97722111E+02, -0.11976790E+01, -0.17924438E+00,  0.23884301E+00,  0.12334693E+01
    1964.,  0.17851396E+02,  0.98564792E+02, -0.11976790E+01, -0.10548151E+00,  0.13291562E+00,  0.83889932E+00
    1965.,  0.17894052E+02,  0.99419265E+02, -0.11976790E+01, -0.44781155E-01,  0.49229492E-01,  0.48062325E+00
    1966.,  0.17932370E+02,  0.10028595E+03, -0.11976790E+01, -0.11460913E-01,  0.80390167E-02,  0.21742010E+00
    1967.,  0.17963077E+02,  0.10116401E+03, -0.11976790E+01, -0.19314936E-02, -0.10968222E-02,  0.79644496E-01
    1968.,  0.17982913E+02,  0.10205102E+03, -0.11976790E+01, -0.49844177E-03, -0.15934105E-02,  0.27977106E-01
    1969.,  0.17989437E+02,  0.10294289E+03, -0.11976790E+01, -0.39192058E-03, -0.14347019E-02,  0.10636509E-01
    1970.,  0.17981786E+02,  0.10383455E+03, -0.11976790E+01, -0.38261888E-03, -0.13758969E-02,  0.38522351E-02
    1971.,  0.17960970E+02,  0.10472097E+03, -0.11976790E+01, -0.41815807E-03, -0.13164802E-02,  0.11507628E-02
    1972.,  0.17929526E+02,  0.10559819E+03, -0.11976790E+01, -0.44630052E-03, -0.12754362E-02,  0.11806275E-03
    1973.,  0.17890742E+02,  0.10646390E+03, -0.11976790E+01, -0.47292025E-03, -0.12419590E-02, -0.26194691E-03
    1974.,  0.17847866E+02,  0.10731739E+03, -0.11976790E+01, -0.50114482E-03, -0.12171488E-02, -0.41341028E-03
    1975.,  0.17803584E+02,  0.10815917E+03, -0.11976790E+01, -0.52924388E-03, -0.12009273E-02, -0.47799612E-03
    1976.,  0.17759847E+02,  0.10899041E+03, -0.11976790E+01, -0.55209724E-03, -0.11926100E-02, -0.51375777E-03
    1977.,  0.17717908E+02,  0.10981256E+03, -0.11976790E+01, -0.56574369E-03, -0.11903461E-02, -0.53882763E-03
    1978.,  0.16891599E+02,  0.10985472E+03, -0.11976790E+01, -0.56883768E-03, -0.11928820E-02, -0.36665426E-03
    1979.,  0.16056109E+02,  0.10989868E+03, -0.11976790E+01, -0.57888351E-03, -0.11848595E-02, -0.20497822E-03
    1980.,  0.15209961E+02,  0.10994318E+03, -0.11976790E+01, -0.60066838E-03, -0.11687147E-02, -0.66648615E-04
    1981.,  0.14351961E+02,  0.10998623E+03, -0.11976790E+01, -0.64026884E-03, -0.11520559E-02,  0.36898025E-04
    1982.,  0.13481625E+02,  0.11002507E+03, -0.11976790E+01, -0.70378030E-03, -0.11475708E-02,  0.10298756E-03
    1983.,  0.12599704E+02,  0.11005642E+03, -0.11976790E+01, -0.79497621E-03, -0.11728030E-02,  0.13952713E-03
    1984.,  0.11708592E+02,  0.11007694E+03, -0.11976790E+01, -0.91242139E-03, -0.12477603E-02,  0.16098220E-03
    1985.,  0.10812349E+02,  0.11008410E+03, -0.11976790E+01, -0.10473394E-02, -0.13897963E-02,  0.18420763E-03
    1986.,  0.99161063E+01,  0.11007694E+03, -0.11976790E+01, -0.11847055E-02, -0.16073620E-02,  0.22713543E-03
    1987.,  0.90249942E+01,  0.11005642E+03, -0.11976790E+01, -0.13081084E-02, -0.18963387E-02,  0.30683543E-03
    1988.,  0.81430724E+01,  0.11002507E+03, -0.11976790E+01, -0.14054573E-02, -0.22415668E-02,  0.43149605E-03
    1989.,  0.72727372E+01,  0.10998623E+03, -0.11976790E+01, -0.14718638E-02, -0.26222364E-02,  0.58790866E-03
    1990.,  0.64147369E+01,  0.10994318E+03, -0.11976790E+01, -0.15089087E-02, -0.30174167E-02,  0.73430202E-03
    1991.,  0.55685889E+01,  0.10989868E+03, -0.11976790E+01, -0.15222493E-02, -0.34094306E-02,  0.81101612E-03
    1992.,  0.47330993E+01,  0.10985472E+03, -0.11976790E+01, -0.15189128E-02, -0.37855541E-02,  0.77232127E-03
    1993.,  0.39067902E+01,  0.10981256E+03, -0.11976790E+01, -0.15054751E-02, -0.41408676E-02,  0.62127352E-03
    1994.,  0.38648512E+01,  0.10899041E+03, -0.11976790E+01, -0.11700477E-02, -0.41626152E-02,  0.23371207E-03
    1995.,  0.38211139E+01,  0.10815917E+03, -0.11976790E+01, -0.84737639E-03, -0.41954956E-02, -0.25404332E-03
    1996.,  0.37768324E+01,  0.10731739E+03, -0.11976790E+01, -0.53339032E-03, -0.42443219E-02, -0.96595287E-03
    1997.,  0.37339555E+01,  0.10646390E+03, -0.11976790E+01, -0.21979975E-03, -0.43141983E-02, -0.21587957E-02
    1998.,  0.36951723E+01,  0.10559819E+03, -0.11976790E+01,  0.10027446E-03, -0.44131091E-02, -0.43667316E-02
    1999.,  0.36637283E+01,  0.10472097E+03, -0.11976790E+01,  0.45095955E-03, -0.45485464E-02, -0.87607231E-02
    2000.,  0.36429117E+01,  0.10383455E+03, -0.11976790E+01,  0.92337648E-03, -0.47196090E-02, -0.17943862E-01
    2001.,  0.36352605E+01,  0.10294289E+03, -0.11976790E+01,  0.16603748E-02, -0.50902973E-02, -0.40122970E-01
    2002.,  0.36417849E+01,  0.10205102E+03, -0.11976790E+01,  0.45076899E-02, -0.49836011E-02, -0.96803740E-01
    2003.,  0.36616208E+01,  0.10116401E+03, -0.11976790E+01,  0.16696109E-01,  0.16466722E-02, -0.22327931E+00
    2004.,  0.36923275E+01,  0.10028595E+03, -0.11976790E+01,  0.50927991E-01,  0.29535494E-01, -0.44487742E+00
    2005.,  0.37306454E+01,  0.99419265E+02, -0.11976790E+01,  0.11098306E+00,  0.87736860E-01, -0.74559563E+00
    2006.,  0.37733019E+01,  0.98564792E+02, -0.11976790E+01,  0.18438836E+00,  0.16439617E+00, -0.10824124E+01
    2007.,  0.38175525E+01,  0.97722111E+02, -0.11976790E+01,  0.25967845E+00,  0.24465538E+00, -0.14236770E+01
    2008.,  0.38613883E+01,  0.96890079E+02, -0.11976790E+01,  0.33256537E+00,  0.32252304E+00, -0.17573633E+01
    2009.,  0.33123489E+01,  0.95482004E+02, -0.11976790E+01,  0.42850297E+00,  0.42689017E+00, -0.23644645E+01
    2010.,  0.42498489E+01,  0.95482004E+02, -0.11976790E+01,  0.37313549E+00,  0.37168982E+00, -0.20501304E+01
    2011.,  0.51873489E+01,  0.95482004E+02, -0.11976790E+01,  0.31773026E+00,  0.31643849E+00, -0.17374831E+01
    2012.,  0.61248489E+01,  0.95482004E+02, -0.11976790E+01,  0.26324742E+00,  0.25427009E+00, -0.14257107E+01
    2013.,  0.70623489E+01,  0.95482004E+02, -0.11976790E+01,  0.20119828E+00,  0.18335888E+00, -0.11105303E+01
    2014.,  0.79998489E+01,  0.95482004E+02, -0.11976790E+01,  0.14183961E+00,  0.11090431E+00, -0.79805558E+00
    2015.,  0.89373489E+01,  0.95482004E+02, -0.11976790E+01,  0.89108945E-01,  0.41302382E-01, -0.48595044E+00
    2016.,  0.98748489E+01,  0.95482004E+02, -0.11976790E+01,  0.44041486E-01,  0.24425834E-06, -0.17743780E+00
    2017.,  0.10812349E+02,  0.95482004E+02, -0.11976790E+01, -0.77517879E-02,  0.26210518E-06,  0.12985660E+00
    2018.,  0.11749849E+02,  0.95482004E+02, -0.11976790E+01, -0.59545062E-01,  0.27995199E-06,  0.43715099E+00
    2019.,  0.12687349E+02,  0.95482004E+02, -0.11976790E+01, -0.10195093E+00,  0.11737642E+00,  0.73703204E+00
    2020.,  0.13624849E+02,  0.95482004E+02, -0.11976790E+01, -0.15166962E+00,  0.21453466E+00,  0.10224803E+01
    2021.,  0.14562349E+02,  0.95482004E+02, -0.11976790E+01, -0.20667991E+00,  0.27335236E+00,  0.13121697E+01
    2022.,  0.15499849E+02,  0.95482004E+02, -0.11976790E+01, -0.26271455E+00,  0.36074555E+00,  0.16046964E+01
    2023.,  0.16437349E+02,  0.95482004E+02, -0.11976790E+01, -0.31544871E+00,  0.43583464E+00,  0.19076445E+01
    2024.,  0.17374849E+02,  0.95482004E+02, -0.11976790E+01, -0.36644170E+00,  0.51022484E+00,  0.22051705E+01
    2025.,  0.18312349E+02,  0.95482004E+02, -0.11976790E+01, -0.41731397E+00,  0.58270268E+00,  0.25013282E+01
    2026.,  0.18312349E+02,  0.96414817E+02, -0.11976790E+01, -0.33055849E+00,  0.45749567E+00,  0.20421351E+01
    2027.,  0.18312349E+02,  0.97347629E+02, -0.11976790E+01, -0.23829041E+00,  0.32295566E+00,  0.15683259E+01
    2028.,  0.18312349E+02,  0.98280441E+02, -0.11976790E+01, -0.14764068E+00,  0.19091033E+00,  0.10977368E+01
    2029.,  0.18312349E+02,  0.99213254E+02, -0.11976790E+01, -0.67474666E-01,  0.76145357E-01,  0.65312317E+00
    2030.,  0.18312349E+02,  0.10014607E+03, -0.11976790E+01, -0.17743359E-01,  0.11214912E-01,  0.29830708E+00
    2031.,  0.18312349E+02,  0.10107888E+03, -0.11976790E+01, -0.28940669E-02, -0.18440236E-02,  0.10292253E+00
    2032.,  0.18312349E+02,  0.10201169E+03, -0.11976790E+01, -0.64024121E-03, -0.16320176E-02,  0.34352574E-01
    2033.,  0.18312349E+02,  0.10294450E+03, -0.11976790E+01, -0.41625108E-03, -0.14622621E-02,  0.12901646E-01
    2034.,  0.18312349E+02,  0.10387732E+03, -0.11976790E+01, -0.39228976E-03, -0.13580426E-02,  0.47126726E-02
    2035.,  0.18312349E+02,  0.10481013E+03, -0.11976790E+01, -0.42731378E-03, -0.13031826E-02,  0.13660507E-02
    2036.,  0.18312349E+02,  0.10574294E+03, -0.11976790E+01, -0.45534911E-03, -0.12588306E-02,  0.11205968E-03
    2037.,  0.18312349E+02,  0.10667575E+03, -0.11976790E+01, -0.48403386E-03, -0.12235853E-02, -0.35277965E-03
    2038.,  0.18312349E+02,  0.10760857E+03, -0.11976790E+01, -0.51426113E-03, -0.11984023E-02, -0.53014419E-03
    2039.,  0.18312349E+02,  0.10854138E+03, -0.11976790E+01, -0.54227428E-03, -0.11860874E-02, -0.60799477E-03
    2040.,  0.18312349E+02,  0.10947419E+03, -0.11976790E+01, -0.56100132E-03, -0.11839148E-02, -0.65307862E-03
    2041.,  0.18312349E+02,  0.11040700E+03, -0.11976790E+01, -0.57169376E-03, -0.11844263E-02, -0.68901465E-03
    2042.,  0.17374849E+02,  0.11040700E+03, -0.11976790E+01, -0.57116412E-03, -0.11922623E-02, -0.48866198E-03
    2043.,  0.16437349E+02,  0.11040700E+03, -0.11976790E+01, -0.57369501E-03, -0.11912912E-02, -0.29710402E-03
    2044.,  0.15499849E+02,  0.11040700E+03, -0.11976790E+01, -0.58944944E-03, -0.11787442E-02, -0.12798861E-03
    2045.,  0.14562349E+02,  0.11040700E+03, -0.11976790E+01, -0.62869483E-03, -0.11625120E-02,  0.28414700E-05
    2046.,  0.13624849E+02,  0.11040700E+03, -0.11976790E+01, -0.69962712E-03, -0.11566772E-02,  0.88338814E-04
    2047.,  0.12687349E+02,  0.11040700E+03, -0.11976790E+01, -0.80668645E-03, -0.11807964E-02,  0.13597367E-03
    2048.,  0.11749849E+02,  0.11040700E+03, -0.11976790E+01, -0.94781475E-03, -0.12570876E-02,  0.16374194E-03
    2049.,  0.10812349E+02,  0.11040700E+03, -0.11976790E+01, -0.11128723E-02, -0.14049545E-02,  0.19364499E-03
    2050.,  0.98748489E+01,  0.11040700E+03, -0.11976790E+01, -0.12849413E-02, -0.16345667E-02,  0.24936013E-03
    2051.,  0.89373489E+01,  0.11040700E+03, -0.11976790E+01, -0.14448407E-02, -0.19428938E-02,  0.35366103E-03
    2052.,  0.79998489E+01,  0.11040700E+03, -0.11976790E+01, -0.15766792E-02, -0.23147526E-02,  0.51717318E-03
    2053.,  0.70623489E+01,  0.11040700E+03, -0.11976790E+01, -0.16714882E-02, -0.27278363E-02,  0.71953316E-03
    2054.,  0.61248489E+01,  0.11040700E+03, -0.11976790E+01, -0.17279854E-02, -0.31584310E-02,  0.90017331E-03
    2055.,  0.51873489E+01,  0.11040700E+03, -0.11976790E+01, -0.17518012E-02, -0.35855470E-02,  0.98154024E-03
    2056.,  0.42498489E+01,  0.11040700E+03, -0.11976790E+01, -0.17554655E-02, -0.39948549E-02,  0.92189206E-03
    2057.,  0.33123489E+01,  0.11040700E+03, -0.11976790E+01, -0.17544702E-02, -0.43899496E-02,  0.76044947E-03
    2058.,  0.33123489E+01,  0.10947419E+03, -0.11976790E+01, -0.13659510E-02, -0.43888264E-02,  0.30457144E-03
    2059.,  0.33123489E+01,  0.10854138E+03, -0.11976790E+01, -0.99133367E-03, -0.43918236E-02, -0.26531198E-03
    2060.,  0.33123489E+01,  0.10760857E+03, -0.11976790E+01, -0.63510491E-03, -0.44125773E-02, -0.11135778E-02
    2061.,  0.33123489E+01,  0.10667575E+03, -0.11976790E+01, -0.28814723E-03, -0.44618574E-02, -0.25477788E-02
    2062.,  0.33123489E+01,  0.10574294E+03, -0.11976790E+01,  0.62227428E-04, -0.45471650E-02, -0.52351950E-02
    2063.,  0.33123489E+01,  0.10481013E+03, -0.11976790E+01,  0.43695316E-03, -0.46853022E-02, -0.10562340E-01
    2064.,  0.33123489E+01,  0.10387732E+03, -0.11976790E+01,  0.96153001E-03, -0.49060654E-02, -0.21548913E-01
    2065.,  0.33123489E+01,  0.10294450E+03, -0.11976790E+01,  0.19407810E-02, -0.54311813E-02, -0.48571749E-01
    2066.,  0.33123489E+01,  0.10201169E+03, -0.11976790E+01,  0.58069930E-02, -0.60571088E-02, -0.12150477E+00
    2067.,  0.33123489E+01,  0.10107888E+03, -0.11976790E+01,  0.22551261E-01,  0.22567973E-02, -0.28932102E+00
    2068.,  0.33123489E+01,  0.10014607E+03, -0.11976790E+01,  0.69794205E-01,  0.43378801E-01, -0.57974710E+00
    2069.,  0.33123489E+01,  0.99213254E+02, -0.11976790E+01,  0.14810133E+00,  0.12373867E+00, -0.95364487E+00
    2070.,  0.33123489E+01,  0.98280441E+02, -0.11976790E+01,  0.23686733E+00,  0.21842915E+00, -0.13534267E+01
    2071.,  0.33123489E+01,  0.97347629E+02, -0.11976790E+01,  0.32582417E+00,  0.31393102E+00, -0.17547585E+01
    2072.,  0.33123489E+01,  0.96414817E+02, -0.11976790E+01,  0.41242436E+00,  0.40585206E+00, -0.21508535E+01
    2073.,  0.33123489E+01,  0.95482004E+02, -0.19237207E+01,  0.66416941E+00,  0.32778888E+00, -0.23178578E+01
    2074.,  0.42498489E+01,  0.95482004E+02, -0.19237207E+01,  0.60848376E+00,  0.27320647E+00, -0.20041741E+01
    2075.,  0.51873489E+01,  0.95482004E+02, -0.19237207E+01,  0.55327102E+00,  0.21547246E+00, -0.16912763E+01
    2076.,  0.61248489E+01,  0.95482004E+02, -0.19237207E+01,  0.49069412E+00,  0.10138842E+00, -0.13707953E+01
    2077.,  0.70623489E+01,  0.95482004E+02, -0.19237207E+01,  0.43740375E+00,  0.11622506E-06, -0.10592100E+01
    2078.,  0.79998489E+01,  0.95482004E+02, -0.19237207E+01,  0.38561047E+00,  0.13407185E-06, -0.75191557E+00
    2079.,  0.89373489E+01,  0.95482004E+02, -0.19237207E+01,  0.33381720E+00,  0.15191869E-06, -0.44462118E+00
    2080.,  0.98748489E+01,  0.95482004E+02, -0.19237207E+01,  0.28202392E+00,  0.16976551E-06, -0.13732678E+00
    2081.,  0.10812349E+02,  0.95482004E+02, -0.19237207E+01,  0.23023065E+00,  0.18761231E-06,  0.16996761E+00
    2082.,  0.11749849E+02,  0.95482004E+02, -0.19237207E+01,  0.17843738E+00,  0.20545914E-06,  0.47726201E+00
    2083.,  0.12687349E+02,  0.95482004E+02, -0.19237207E+01,  0.12664410E+00,  0.22330597E-06,  0.78455640E+00
    2084.,  0.13624849E+02,  0.95482004E+02, -0.19237207E+01,  0.74850828E-01,  0.24115279E-06,  0.10918508E+01
    2085.,  0.14562349E+02,  0.95482004E+02, -0.19237207E+01,  0.23057554E-01,  0.25899961E-06,  0.13991452E+01
    2086.,  0.15499849E+02,  0.95482004E+02, -0.19237207E+01, -0.27358340E-01,  0.89325041E-01,  0.17022491E+01
    2087.,  0.16437349E+02,  0.95482004E+02, -0.19237207E+01, -0.79425308E-01,  0.18320860E+00,  0.19958404E+01
    2088.,  0.17374849E+02,  0.95482004E+02, -0.19237207E+01, -0.13241595E+00,  0.24173249E+00,  0.22985786E+01
    2089.,  0.18312349E+02,  0.95482004E+02, -0.19237207E+01, -0.18496979E+00,  0.29284950E+00,  0.26032473E+01
    2090.,  0.33123489E+01,  0.95482004E+02, -0.26497623E+01,  0.88783095E+00,  0.13232848E+00, -0.22547176E+01
    2091.,  0.42498489E+01,  0.95482004E+02, -0.26497623E+01,  0.83440748E+00,  0.98824344E-01, -0.19460805E+01
    2092.,  0.51873489E+01,  0.95482004E+02, -0.26497623E+01,  0.78048003E+00,  0.56966934E-01, -0.16358639E+01
    2093.,  0.61248489E+01,  0.95482004E+02, -0.26497623E+01,  0.72717946E+00,  0.23885368E-07, -0.13263934E+01
    2094.,  0.70623489E+01,  0.95482004E+02, -0.26497623E+01,  0.67538618E+00,  0.41732193E-07, -0.10190990E+01
    2095.,  0.79998489E+01,  0.95482004E+02, -0.26497623E+01,  0.62359291E+00,  0.59579014E-07, -0.71180456E+00
    2096.,  0.89373489E+01,  0.95482004E+02, -0.26497623E+01,  0.57179963E+00,  0.77425827E-07, -0.40451016E+00
    2097.,  0.98748489E+01,  0.95482004E+02, -0.26497623E+01,  0.52000636E+00,  0.95272639E-07, -0.97215769E-01
    2098.,  0.10812349E+02,  0.95482004E+02, -0.26497623E+01,  0.46821309E+00,  0.11311947E-06,  0.21007863E+00
    2099.,  0.11749849E+02,  0.95482004E+02, -0.26497623E+01,  0.41641981E+00,  0.13096629E-06,  0.51737302E+00
    2100.,  0.12687349E+02,  0.95482004E+02, -0.26497623E+01,  0.36462654E+00,  0.14881311E-06,  0.82466742E+00
    2101.,  0.13624849E+02,  0.95482004E+02, -0.26497623E+01,  0.31283326E+00,  0.16665993E-06,  0.11319618E+01
    2102.,  0.14562349E+02,  0.95482004E+02, -0.26497623E+01,  0.26103999E+00,  0.18450675E-06,  0.14392562E+01
    2103.,  0.15499849E+02,  0.95482004E+02, -0.26497623E+01,  0.20924672E+00,  0.20235357E-06,  0.17465506E+01
    2104.,  0.16437349E+02,  0.95482004E+02, -0.26497623E+01,  0.15779982E+00,  0.43018461E-01,  0.20517833E+01
    2105.,  0.17374849E+02,  0.95482004E+02, -0.26497623E+01,  0.10598897E+00,  0.91964901E-01,  0.23560036E+01
    2106.,  0.18312349E+02,  0.95482004E+02, -0.26497623E+01,  0.52943502E-01,  0.11495343E+00,  0.26649864E+01
    2107.,  0.33123489E+01,  0.95482004E+02, -0.33758040E+01,  0.11204539E+01,  0.16924140E-01, -0.22075112E+01
    2108.,  0.42498489E+01,  0.95482004E+02, -0.33758040E+01,  0.10687484E+01, -0.86301120E-07, -0.19008711E+01
    2109.,  0.51873489E+01,  0.95482004E+02, -0.33758040E+01,  0.10169552E+01, -0.68454298E-07, -0.15935767E+01
    2110.,  0.61248489E+01,  0.95482004E+02, -0.33758040E+01,  0.96516189E+00, -0.50607494E-07, -0.12862823E+01
    2111.,  0.70623489E+01,  0.95482004E+02, -0.33758040E+01,  0.91336862E+00, -0.32760661E-07, -0.97898794E+00
    2112.,  0.79998489E+01,  0.95482004E+02, -0.33758040E+01,  0.86157535E+00, -0.14913841E-07, -0.67169355E+00
    2113.,  0.89373489E+01,  0.95482004E+02, -0.33758040E+01,  0.80978207E+00,  0.29329856E-08, -0.36439915E+00
    2114.,  0.98748489E+01,  0.95482004E+02, -0.33758040E+01,  0.75798880E+00,  0.20779802E-07, -0.57104756E-01
    2115.,  0.10812349E+02,  0.95482004E+02, -0.33758040E+01,  0.70619552E+00,  0.38626605E-07,  0.25018964E+00
    2116.,  0.11749849E+02,  0.95482004E+02, -0.33758040E+01,  0.65440225E+00,  0.56473432E-07,  0.55748403E+00
    2117.,  0.12687349E+02,  0.95482004E+02, -0.33758040E+01,  0.60260898E+00,  0.74320264E-07,  0.86477843E+00
    2118.,  0.13624849E+02,  0.95482004E+02, -0.33758040E+01,  0.55081570E+00,  0.92167067E-07,  0.11720728E+01
    2119.,  0.14562349E+02,  0.95482004E+02, -0.33758040E+01,  0.49902243E+00,  0.11001391E-06,  0.14793672E+01
    2120.,  0.15499849E+02,  0.95482004E+02, -0.33758040E+01,  0.44722915E+00,  0.12786071E-06,  0.17866616E+01
    2121.,  0.16437349E+02,  0.95482004E+02, -0.33758040E+01,  0.39543588E+00,  0.14570754E-06,  0.20939560E+01
    2122.,  0.17374849E+02,  0.95482004E+02, -0.33758040E+01,  0.34394411E+00,  0.20762136E-01,  0.24006634E+01
    2123.,  0.18312349E+02,  0.95482004E+02, -0.33758040E+01,  0.29173618E+00,  0.30306608E-01,  0.27084906E+01
    2124.,  0.33123489E+01,  0.95482004E+02, -0.41018457E+01,  0.13584872E+01, -0.18165339E-02, -0.21679214E+01
    2125.,  0.42498489E+01,  0.95482004E+02, -0.41018457E+01,  0.13067309E+01, -0.16079398E-06, -0.18607601E+01
    2126.,  0.51873489E+01,  0.95482004E+02, -0.41018457E+01,  0.12549376E+01, -0.14294715E-06, -0.15534657E+01
    2127.,  0.61248489E+01,  0.95482004E+02, -0.41018457E+01,  0.12031443E+01, -0.12510034E-06, -0.12461713E+01
    2128.,  0.70623489E+01,  0.95482004E+02, -0.41018457E+01,  0.11513511E+01, -0.10725350E-06, -0.93887693E+00
    2129.,  0.79998489E+01,  0.95482004E+02, -0.41018457E+01,  0.10995578E+01, -0.89406693E-07, -0.63158253E+00
    2130.,  0.89373489E+01,  0.95482004E+02, -0.41018457E+01,  0.10477645E+01, -0.71559883E-07, -0.32428814E+00
    2131.,  0.98748489E+01,  0.95482004E+02, -0.41018457E+01,  0.99597124E+00, -0.53713058E-07, -0.16993743E-01
    2132.,  0.10812349E+02,  0.95482004E+02, -0.41018457E+01,  0.94417796E+00, -0.35866248E-07,  0.29030065E+00
    2133.,  0.11749849E+02,  0.95482004E+02, -0.41018457E+01,  0.89238469E+00, -0.18019414E-07,  0.59759505E+00
    2134.,  0.12687349E+02,  0.95482004E+02, -0.41018457E+01,  0.84059141E+00, -0.17258466E-09,  0.90488944E+00
    2135.,  0.13624849E+02,  0.95482004E+02, -0.41018457E+01,  0.78879814E+00,  0.17674232E-07,  0.12121838E+01
    2136.,  0.14562349E+02,  0.95482004E+02, -0.41018457E+01,  0.73700487E+00,  0.35521055E-07,  0.15194782E+01
    2137.,  0.15499849E+02,  0.95482004E+02, -0.41018457E+01,  0.68521159E+00,  0.53367857E-07,  0.18267726E+01
    2138.,  0.16437349E+02,  0.95482004E+02, -0.41018457E+01,  0.63341832E+00,  0.71214687E-07,  0.21340670E+01
    2139.,  0.17374849E+02,  0.95482004E+02, -0.41018457E+01,  0.58162504E+00,  0.89061501E-07,  0.24413614E+01
    2140.,  0.18312349E+02,  0.95482004E+02, -0.41018457E+01,  0.52992604E+00,  0.34586678E-02,  0.27486635E+01
    2141.,  0.33123489E+01,  0.95482004E+02, -0.48278873E+01,  0.15965066E+01, -0.25313366E-06, -0.21279435E+01
    2142.,  0.42498489E+01,  0.95482004E+02, -0.48278873E+01,  0.15447133E+01, -0.23528683E-06, -0.18206491E+01
    2143.,  0.51873489E+01,  0.95482004E+02, -0.48278873E+01,  0.14929200E+01, -0.21744000E-06, -0.15133547E+01
    2144.,  0.61248489E+01,  0.95482004E+02, -0.48278873E+01,  0.14411268E+01, -0.19959318E-06, -0.12060603E+01
    2145.,  0.70623489E+01,  0.95482004E+02, -0.48278873E+01,  0.13893335E+01, -0.18174637E-06, -0.89876592E+00
    2146.,  0.79998489E+01,  0.95482004E+02, -0.48278873E+01,  0.13375402E+01, -0.16389956E-06, -0.59147152E+00
    2147.,  0.89373489E+01,  0.95482004E+02, -0.48278873E+01,  0.12857469E+01, -0.14605272E-06, -0.28417712E+00
    2148.,  0.98748489E+01,  0.95482004E+02, -0.48278873E+01,  0.12339537E+01, -0.12820591E-06,  0.23117270E-01
    2149.,  0.10812349E+02,  0.95482004E+02, -0.48278873E+01,  0.11821604E+01, -0.11035909E-06,  0.33041167E+00
    2150.,  0.11749849E+02,  0.95482004E+02, -0.48278873E+01,  0.11303671E+01, -0.92512272E-07,  0.63770606E+00
    2151.,  0.12687349E+02,  0.95482004E+02, -0.48278873E+01,  0.10785739E+01, -0.74665447E-07,  0.94500046E+00
    2152.,  0.13624849E+02,  0.95482004E+02, -0.48278873E+01,  0.10267806E+01, -0.56818616E-07,  0.12522949E+01
    2153.,  0.14562349E+02,  0.95482004E+02, -0.48278873E+01,  0.97498730E+00, -0.38971820E-07,  0.15595892E+01
    2154.,  0.15499849E+02,  0.95482004E+02, -0.48278873E+01,  0.92319403E+00, -0.21124995E-07,  0.18668836E+01
    2155.,  0.16437349E+02,  0.95482004E+02, -0.48278873E+01,  0.87140075E+00, -0.32781621E-08,  0.21741780E+01
    2156.,  0.17374849E+02,  0.95482004E+02, -0.48278873E+01,  0.81960748E+00,  0.14568644E-07,  0.24814724E+01
    2157.,  0.18312349E+02,  0.95482004E+02, -0.48278873E+01,  0.76781421E+00,  0.32415473E-07,  0.27887668E+01
    2158.,  0.33123489E+01,  0.95482004E+02, -0.55539290E+01,  0.18344890E+01, -0.32762651E-06, -0.20878325E+01
    2159.,  0.42498489E+01,  0.95482004E+02, -0.55539290E+01,  0.17826958E+01, -0.30977968E-06, -0.17805381E+01
    2160.,  0.51873489E+01,  0.95482004E+02, -0.55539290E+01,  0.17309025E+01, -0.29193286E-06, -0.14732437E+01
    2161.,  0.61248489E+01,  0.95482004E+02, -0.55539290E+01,  0.16791092E+01, -0.27408603E-06, -0.11659493E+01
    2162.,  0.70623489E+01,  0.95482004E+02, -0.55539290E+01,  0.16273159E+01, -0.25623922E-06, -0.85865490E+00
    2163.,  0.79998489E+01,  0.95482004E+02, -0.55539290E+01,  0.15755227E+01, -0.23839241E-06, -0.55136051E+00
    2164.,  0.89373489E+01,  0.95482004E+02, -0.55539290E+01,  0.15237294E+01, -0.22054559E-06, -0.24406611E+00
    2165.,  0.98748489E+01,  0.95482004E+02, -0.55539290E+01,  0.14719361E+01, -0.20269875E-06,  0.63228284E-01
    2166.,  0.10812349E+02,  0.95482004E+02, -0.55539290E+01,  0.14201428E+01, -0.18485195E-06,  0.37052268E+00
    2167.,  0.11749849E+02,  0.95482004E+02, -0.55539290E+01,  0.13683496E+01, -0.16700514E-06,  0.67781707E+00
    2168.,  0.12687349E+02,  0.95482004E+02, -0.55539290E+01,  0.13165563E+01, -0.14915830E-06,  0.98511147E+00
    2169.,  0.13624849E+02,  0.95482004E+02, -0.55539290E+01,  0.12647630E+01, -0.13131148E-06,  0.12924059E+01
    2170.,  0.14562349E+02,  0.95482004E+02, -0.55539290E+01,  0.12129697E+01, -0.11346466E-06,  0.15997003E+01
    2171.,  0.15499849E+02,  0.95482004E+02, -0.55539290E+01,  0.11611765E+01, -0.95617853E-07,  0.19069947E+01
    2172.,  0.16437349E+02,  0.95482004E+02, -0.55539290E+01,  0.11093832E+01, -0.77771023E-07,  0.22142891E+01
    2173.,  0.17374849E+02,  0.95482004E+02, -0.55539290E+01,  0.10575899E+01, -0.59924191E-07,  0.25215834E+01
    2174.,  0.18312349E+02,  0.95482004E+02, -0.55539290E+01,  0.10057966E+01, -0.42077365E-07,  0.28288778E+01
    2175.,  0.33123489E+01,  0.95482004E+02, -0.62799707E+01,  0.20724715E+01, -0.40211936E-06, -0.20477215E+01
    2176.,  0.42498489E+01,  0.95482004E+02, -0.62799707E+01,  0.20206782E+01, -0.38427254E-06, -0.17404271E+01
    2177.,  0.51873489E+01,  0.95482004E+02, -0.62799707E+01,  0.19688849E+01, -0.36642572E-06, -0.14331327E+01
    2178.,  0.61248489E+01,  0.95482004E+02, -0.62799707E+01,  0.19170916E+01, -0.34857891E-06, -0.11258383E+01
    2179.,  0.70623489E+01,  0.95482004E+02, -0.62799707E+01,  0.18652984E+01, -0.33073208E-06, -0.81854389E+00
    2180.,  0.79998489E+01,  0.95482004E+02, -0.62799707E+01,  0.18135051E+01, -0.31288526E-06, -0.51124949E+00
    2181.,  0.89373489E+01,  0.95482004E+02, -0.62799707E+01,  0.17617118E+01, -0.29503844E-06, -0.20395510E+00
    2182.,  0.98748489E+01,  0.95482004E+02, -0.62799707E+01,  0.17099185E+01, -0.27719161E-06,  0.10333930E+00
    2183.,  0.10812349E+02,  0.95482004E+02, -0.62799707E+01,  0.16581253E+01, -0.25934480E-06,  0.41063369E+00
    2184.,  0.11749849E+02,  0.95482004E+02, -0.62799707E+01,  0.16063320E+01, -0.24149798E-06,  0.71792809E+00
    2185.,  0.12687349E+02,  0.95482004E+02, -0.62799707E+01,  0.15545387E+01, -0.22365115E-06,  0.10252225E+01
    2186.,  0.13624849E+02,  0.95482004E+02, -0.62799707E+01,  0.15027455E+01, -0.20580433E-06,  0.13325169E+01
    2187.,  0.14562349E+02,  0.95482004E+02, -0.62799707E+01,  0.14509522E+01, -0.18795751E-06,  0.16398113E+01
    2188.,  0.15499849E+02,  0.95482004E+02, -0.62799707E+01,  0.13991589E+01, -0.17011070E-06,  0.19471057E+01
    2189.,  0.16437349E+02,  0.95482004E+02, -0.62799707E+01,  0.13473656E+01, -0.15226387E-06,  0.22544001E+01
    2190.,  0.17374849E+02,  0.95482004E+02, -0.62799707E+01,  0.12955724E+01, -0.13441705E-06,  0.25616945E+01
    2191.,  0.18312349E+02,  0.95482004E+02, -0.62799707E+01,  0.12437791E+01, -0.11657023E-06,  0.28689889E+01
    2192.,  0.33123489E+01,  0.95482004E+02, -0.70060123E+01,  0.23104539E+01, -0.47661221E-06, -0.20076105E+01
    2193.,  0.42498489E+01,  0.95482004E+02, -0.70060123E+01,  0.22586606E+01, -0.45876540E-06, -0.17003161E+01
    2194.,  0.51873489E+01,  0.95482004E+02, -0.70060123E+01,  0.22068674E+01, -0.44091856E-06, -0.13930217E+01
    2195.,  0.61248489E+01,  0.95482004E+02, -0.70060123E+01,  0.21550741E+01, -0.42307173E-06, -0.10857273E+01
    2196.,  0.70623489E+01,  0.95482004E+02, -0.70060123E+01,  0.21032808E+01, -0.40522492E-06, -0.77843288E+00
    2197.,  0.79998489E+01,  0.95482004E+02, -0.70060123E+01,  0.20514875E+01, -0.38737811E-06, -0.47113848E+00
    2198.,  0.89373489E+01,  0.95482004E+02, -0.70060123E+01,  0.19996943E+01, -0.36953130E-06, -0.16384409E+00
    2199.,  0.98748489E+01,  0.95482004E+02, -0.70060123E+01,  0.19479010E+01, -0.35168447E-06,  0.14345031E+00
    2200.,  0.10812349E+02,  0.95482004E+02, -0.70060123E+01,  0.18961077E+01, -0.33383765E-06,  0.45074471E+00
    2201.,  0.11749849E+02,  0.95482004E+02, -0.70060123E+01,  0.18443144E+01, -0.31599083E-06,  0.75803910E+00
    2202.,  0.12687349E+02,  0.95482004E+02, -0.70060123E+01,  0.17925212E+01, -0.29814400E-06,  0.10653335E+01
    2203.,  0.13624849E+02,  0.95482004E+02, -0.70060123E+01,  0.17407279E+01, -0.28029718E-06,  0.13726279E+01
    2204.,  0.14562349E+02,  0.95482004E+02, -0.70060123E+01,  0.16889346E+01, -0.26245035E-06,  0.16799223E+01
    2205.,  0.15499849E+02,  0.95482004E+02, -0.70060123E+01,  0.16371413E+01, -0.24460354E-06,  0.19872167E+01
    2206.,  0.16437349E+02,  0.95482004E+02, -0.70060123E+01,  0.15853481E+01, -0.22675672E-06,  0.22945111E+01
    2207.,  0.17374849E+02,  0.95482004E+02, -0.70060123E+01,  0.15335548E+01, -0.20890991E-06,  0.26018055E+01
    2208.,  0.18312349E+02,  0.95482004E+02, -0.70060123E+01,  0.14817615E+01, -0.19106308E-06,  0.29090999E+01
    2209.,  0.33123489E+01,  0.95482004E+02, -0.77320540E+01,  0.25484363E+01, -0.55110506E-06, -0.19674994E+01
    2210.,  0.42498489E+01,  0.95482004E+02, -0.77320540E+01,  0.24966431E+01, -0.53325825E-06, -0.16602050E+01
    2211.,  0.51873489E+01,  0.95482004E+02, -0.77320540E+01,  0.24448498E+01, -0.51541142E-06, -0.13529107E+01
    2212.,  0.61248489E+01,  0.95482004E+02, -0.77320540E+01,  0.23930565E+01, -0.49756460E-06, -0.10456163E+01
    2213.,  0.70623489E+01,  0.95482004E+02, -0.77320540E+01,  0.23412632E+01, -0.47971779E-06, -0.73832186E+00
    2214.,  0.79998489E+01,  0.95482004E+02, -0.77320540E+01,  0.22894700E+01, -0.46187096E-06, -0.43102747E+00
    2215.,  0.89373489E+01,  0.95482004E+02, -0.77320540E+01,  0.22376767E+01, -0.44402414E-06, -0.12373307E+00
    2216.,  0.98748489E+01,  0.95482004E+02, -0.77320540E+01,  0.21858834E+01, -0.42617733E-06,  0.18356132E+00
    2217.,  0.10812349E+02,  0.95482004E+02, -0.77320540E+01,  0.21340901E+01, -0.40833050E-06,  0.49085572E+00
    2218.,  0.11749849E+02,  0.95482004E+02, -0.77320540E+01,  0.20822969E+01, -0.39048369E-06,  0.79815011E+00
    2219.,  0.12687349E+02,  0.95482004E+02, -0.77320540E+01,  0.20305036E+01, -0.37263686E-06,  0.11054445E+01
    2220.,  0.13624849E+02,  0.95482004E+02, -0.77320540E+01,  0.19787103E+01, -0.35479004E-06,  0.14127389E+01
    2221.,  0.14562349E+02,  0.95482004E+02, -0.77320540E+01,  0.19269171E+01, -0.33694322E-06,  0.17200333E+01
    2222.,  0.15499849E+02,  0.95482004E+02, -0.77320540E+01,  0.18751238E+01, -0.31909641E-06,  0.20273277E+01
    2223.,  0.16437349E+02,  0.95482004E+02, -0.77320540E+01,  0.18233305E+01, -0.30124958E-06,  0.23346221E+01
    2224.,  0.17374849E+02,  0.95482004E+02, -0.77320540E+01,  0.17715372E+01, -0.28340275E-06,  0.26419165E+01
    2225.,  0.18312349E+02,  0.95482004E+02, -0.77320540E+01,  0.17197440E+01, -0.26555593E-06,  0.29492109E+01
    2226.,  0.33123489E+01,  0.95482004E+02, -0.84580957E+01,  0.27864188E+01, -0.62559791E-06, -0.19273884E+01
    2227.,  0.42498489E+01,  0.95482004E+02, -0.84580957E+01,  0.27346255E+01, -0.60775110E-06, -0.16200940E+01
    2228.,  0.51873489E+01,  0.95482004E+02, -0.84580957E+01,  0.26828322E+01, -0.58990427E-06, -0.13127996E+01
    2229.,  0.61248489E+01,  0.95482004E+02, -0.84580957E+01,  0.26310390E+01, -0.57205745E-06, -0.10055052E+01
    2230.,  0.70623489E+01,  0.95482004E+02, -0.84580957E+01,  0.25792457E+01, -0.55421063E-06, -0.69821085E+00
    2231.,  0.79998489E+01,  0.95482004E+02, -0.84580957E+01,  0.25274524E+01, -0.53636383E-06, -0.39091645E+00
    2232.,  0.89373489E+01,  0.95482004E+02, -0.84580957E+01,  0.24756591E+01, -0.51851699E-06, -0.83622059E-01
    2233.,  0.98748489E+01,  0.95482004E+02, -0.84580957E+01,  0.24238659E+01, -0.50067018E-06,  0.22367234E+00
    2234.,  0.10812349E+02,  0.95482004E+02, -0.84580957E+01,  0.23720726E+01, -0.48282335E-06,  0.53096673E+00
    2235.,  0.11749849E+02,  0.95482004E+02, -0.84580957E+01,  0.23202793E+01, -0.46497654E-06,  0.83826113E+00
    2236.,  0.12687349E+02,  0.95482004E+02, -0.84580957E+01,  0.22684860E+01, -0.44712972E-06,  0.11455555E+01
    2237.,  0.13624849E+02,  0.95482004E+02, -0.84580957E+01,  0.22166928E+01, -0.42928289E-06,  0.14528499E+01
    2238.,  0.14562349E+02,  0.95482004E+02, -0.84580957E+01,  0.21648995E+01, -0.41143606E-06,  0.17601443E+01
    2239.,  0.15499849E+02,  0.95482004E+02, -0.84580957E+01,  0.21131062E+01, -0.39358925E-06,  0.20674387E+01
    2240.,  0.16437349E+02,  0.95482004E+02, -0.84580957E+01,  0.20613129E+01, -0.37574243E-06,  0.23747331E+01
    2241.,  0.17374849E+02,  0.95482004E+02, -0.84580957E+01,  0.20095197E+01, -0.35789560E-06,  0.26820275E+01
    2242.,  0.18312349E+02,  0.95482004E+02, -0.84580957E+01,  0.19577264E+01, -0.34004878E-06,  0.29893219E+01
    2243.,  0.33123489E+01,  0.95482004E+02, -0.91841373E+01,  0.30244012E+01, -0.70009077E-06, -0.18872774E+01
    2244.,  0.42498489E+01,  0.95482004E+02, -0.91841373E+01,  0.29726079E+01, -0.68224396E-06, -0.15799830E+01
    2245.,  0.51873489E+01,  0.95482004E+02, -0.91841373E+01,  0.29208147E+01, -0.66439713E-06, -0.12726886E+01
    2246.,  0.61248489E+01,  0.95482004E+02, -0.91841373E+01,  0.28690214E+01, -0.64655031E-06, -0.96539423E+00
    2247.,  0.70623489E+01,  0.95482004E+02, -0.91841373E+01,  0.28172281E+01, -0.62870349E-06, -0.65809984E+00
    2248.,  0.79998489E+01,  0.95482004E+02, -0.91841373E+01,  0.27654348E+01, -0.61085666E-06, -0.35080544E+00
    2249.,  0.89373489E+01,  0.95482004E+02, -0.91841373E+01,  0.27136416E+01, -0.59300985E-06, -0.43511045E-01
    2250.,  0.98748489E+01,  0.95482004E+02, -0.91841373E+01,  0.26618483E+01, -0.57516302E-06,  0.26378335E+00
    2251.,  0.10812349E+02,  0.95482004E+02, -0.91841373E+01,  0.26100550E+01, -0.55731620E-06,  0.57107775E+00
    2252.,  0.11749849E+02,  0.95482004E+02, -0.91841373E+01,  0.25582617E+01, -0.53946939E-06,  0.87837214E+00
    2253.,  0.12687349E+02,  0.95482004E+02, -0.91841373E+01,  0.25064685E+01, -0.52162257E-06,  0.11856665E+01
    2254.,  0.13624849E+02,  0.95482004E+02, -0.91841373E+01,  0.24546752E+01, -0.50377575E-06,  0.14929609E+01
    2255.,  0.14562349E+02,  0.95482004E+02, -0.91841373E+01,  0.24028819E+01, -0.48592892E-06,  0.18002553E+01
    2256.,  0.15499849E+02,  0.95482004E+02, -0.91841373E+01,  0.23510887E+01, -0.46808210E-06,  0.21075497E+01
    2257.,  0.16437349E+02,  0.95482004E+02, -0.91841373E+01,  0.22992954E+01, -0.45023529E-06,  0.24148441E+01
    2258.,  0.17374849E+02,  0.95482004E+02, -0.91841373E+01,  0.22475021E+01, -0.43238846E-06,  0.27221385E+01
    2259.,  0.18312349E+02,  0.95482004E+02, -0.91841373E+01,  0.21957088E+01, -0.41454164E-06,  0.30294329E+01
    2260.,  0.33123489E+01,  0.95482004E+02, -0.99101790E+01,  0.32623837E+01, -0.77458362E-06, -0.18471664E+01
    2261.,  0.42498489E+01,  0.95482004E+02, -0.99101790E+01,  0.32105904E+01, -0.75673680E-06, -0.15398720E+01
    2262.,  0.51873489E+01,  0.95482004E+02, -0.99101790E+01,  0.31587971E+01, -0.73888997E-06, -0.12325776E+01
    2263.,  0.61248489E+01,  0.95482004E+02, -0.99101790E+01,  0.31070038E+01, -0.72104315E-06, -0.92528322E+00
    2264.,  0.70623489E+01,  0.95482004E+02, -0.99101790E+01,  0.30552106E+01, -0.70319634E-06, -0.61798882E+00
    2265.,  0.79998489E+01,  0.95482004E+02, -0.99101790E+01,  0.30034173E+01, -0.68534951E-06, -0.31069443E+00
    2266.,  0.89373489E+01,  0.95482004E+02, -0.99101790E+01,  0.29516240E+01, -0.66750269E-06, -0.34000321E-02
    2267.,  0.98748489E+01,  0.95482004E+02, -0.99101790E+01,  0.28998307E+01, -0.64965588E-06,  0.30389436E+00
    2268.,  0.10812349E+02,  0.95482004E+02, -0.99101790E+01,  0.28480375E+01, -0.63180905E-06,  0.61118876E+00
    2269.,  0.11749849E+02,  0.95482004E+02, -0.99101790E+01,  0.27962442E+01, -0.61396224E-06,  0.91848315E+00
    2270.,  0.12687349E+02,  0.95482004E+02, -0.99101790E+01,  0.27444509E+01, -0.59611543E-06,  0.12257775E+01
    2271.,  0.13624849E+02,  0.95482004E+02, -0.99101790E+01,  0.26926576E+01, -0.57826859E-06,  0.15330719E+01
    2272.,  0.14562349E+02,  0.95482004E+02, -0.99101790E+01,  0.26408644E+01, -0.56042178E-06,  0.18403663E+01
    2273.,  0.15499849E+02,  0.95482004E+02, -0.99101790E+01,  0.25890711E+01, -0.54257495E-06,  0.21476607E+01
    2274.,  0.16437349E+02,  0.95482004E+02, -0.99101790E+01,  0.25372778E+01, -0.52472814E-06,  0.24549551E+01
    2275.,  0.17374849E+02,  0.95482004E+02, -0.99101790E+01,  0.24854845E+01, -0.50688132E-06,  0.27622495E+01
    2276.,  0.18312349E+02,  0.95482004E+02, -0.99101790E+01,  0.24336913E+01, -0.48903449E-06,  0.30695439E+01
    2277.,  0.33123489E+01,  0.95482004E+02, -0.10636221E+02,  0.35003661E+01, -0.84907649E-06, -0.18070554E+01
    2278.,  0.42498489E+01,  0.95482004E+02, -0.10636221E+02,  0.34485728E+01, -0.83122964E-06, -0.14997610E+01
    2279.,  0.51873489E+01,  0.95482004E+02, -0.10636221E+02,  0.33967795E+01, -0.81338282E-06, -0.11924666E+01
    2280.,  0.61248489E+01,  0.95482004E+02, -0.10636221E+02,  0.33449863E+01, -0.79553601E-06, -0.88517220E+00
    2281.,  0.70623489E+01,  0.95482004E+02, -0.10636221E+02,  0.32931930E+01, -0.77768920E-06, -0.57787781E+00
    2282.,  0.79998489E+01,  0.95482004E+02, -0.10636221E+02,  0.32413997E+01, -0.75984238E-06, -0.27058341E+00
    2283.,  0.89373489E+01,  0.95482004E+02, -0.10636221E+02,  0.31896064E+01, -0.74199555E-06,  0.36710981E-01
    2284.,  0.98748489E+01,  0.95482004E+02, -0.10636221E+02,  0.31378132E+01, -0.72414872E-06,  0.34400538E+00
    2285.,  0.10812349E+02,  0.95482004E+02, -0.10636221E+02,  0.30860199E+01, -0.70630190E-06,  0.65129977E+00
    2286.,  0.11749849E+02,  0.95482004E+02, -0.10636221E+02,  0.30342266E+01, -0.68845509E-06,  0.95859417E+00
    2287.,  0.12687349E+02,  0.95482004E+02, -0.10636221E+02,  0.29824334E+01, -0.67060827E-06,  0.12658886E+01
    2288.,  0.13624849E+02,  0.95482004E+02, -0.10636221E+02,  0.29306401E+01, -0.65276145E-06,  0.15731830E+01
    2289.,  0.14562349E+02,  0.95482004E+02, -0.10636221E+02,  0.28788468E+01, -0.63491463E-06,  0.18804774E+01
    2290.,  0.15499849E+02,  0.95482004E+02, -0.10636221E+02,  0.28270535E+01, -0.61706781E-06,  0.21877717E+01
    2291.,  0.16437349E+02,  0.95482004E+02, -0.10636221E+02,  0.27752603E+01, -0.59922099E-06,  0.24950661E+01
    2292.,  0.17374849E+02,  0.95482004E+02, -0.10636221E+02,  0.27234670E+01, -0.58137417E-06,  0.28023605E+01
    2293.,  0.18312349E+02,  0.95482004E+02, -0.10636221E+02,  0.26716737E+01, -0.56352733E-06,  0.31096549E+01
    2294.,  0.33123489E+01,  0.95482004E+02, -0.11362262E+02,  0.37383485E+01, -0.92356934E-06, -0.17669444E+01
    2295.,  0.42498489E+01,  0.95482004E+02, -0.11362262E+02,  0.36865553E+01, -0.90572251E-06, -0.14596500E+01
    2296.,  0.51873489E+01,  0.95482004E+02, -0.11362262E+02,  0.36347620E+01, -0.88787568E-06, -0.11523556E+01
    2297.,  0.61248489E+01,  0.95482004E+02, -0.11362262E+02,  0.35829687E+01, -0.87002885E-06, -0.84506119E+00
    2298.,  0.70623489E+01,  0.95482004E+02, -0.11362262E+02,  0.35311754E+01, -0.85218205E-06, -0.53776680E+00
    2299.,  0.79998489E+01,  0.95482004E+02, -0.11362262E+02,  0.34793822E+01, -0.83433523E-06, -0.23047240E+00
    2300.,  0.89373489E+01,  0.95482004E+02, -0.11362262E+02,  0.34275889E+01, -0.81648841E-06,  0.76821994E-01
    2301.,  0.98748489E+01,  0.95482004E+02, -0.11362262E+02,  0.33757956E+01, -0.79864158E-06,  0.38411639E+00
    2302.,  0.10812349E+02,  0.95482004E+02, -0.11362262E+02,  0.33240023E+01, -0.78079477E-06,  0.69141078E+00
    2303.,  0.11749849E+02,  0.95482004E+02, -0.11362262E+02,  0.32722091E+01, -0.76294794E-06,  0.99870518E+00
    2304.,  0.12687349E+02,  0.95482004E+02, -0.11362262E+02,  0.32204158E+01, -0.74510112E-06,  0.13059996E+01
    2305.,  0.13624849E+02,  0.95482004E+02, -0.11362262E+02,  0.31686225E+01, -0.72725430E-06,  0.16132940E+01
    2306.,  0.14562349E+02,  0.95482004E+02, -0.11362262E+02,  0.31168292E+01, -0.70940748E-06,  0.19205884E+01
    2307.,  0.15499849E+02,  0.95482004E+02, -0.11362262E+02,  0.30650360E+01, -0.69156066E-06,  0.22278828E+01
    2308.,  0.16437349E+02,  0.95482004E+02, -0.11362262E+02,  0.30132427E+01, -0.67371384E-06,  0.25351772E+01
    2309.,  0.17374849E+02,  0.95482004E+02, -0.11362262E+02,  0.29614494E+01, -0.65586703E-06,  0.28424716E+01
    2310.,  0.18312349E+02,  0.95482004E+02, -0.11362262E+02,  0.29096561E+01, -0.63802019E-06,  0.31497659E+01
    2311.,  0.33123489E+01,  0.95482004E+02, -0.12088304E+02,  0.39763310E+01, -0.99806219E-06, -0.17268334E+01
    2312.,  0.42498489E+01,  0.95482004E+02, -0.12088304E+02,  0.39245377E+01, -0.98021535E-06, -0.14195390E+01
    2313.,  0.51873489E+01,  0.95482004E+02, -0.12088304E+02,  0.38727444E+01, -0.96236854E-06, -0.11122446E+01
    2314.,  0.61248489E+01,  0.95482004E+02, -0.12088304E+02,  0.38209511E+01, -0.94452172E-06, -0.80495018E+00
    2315.,  0.70623489E+01,  0.95482004E+02, -0.12088304E+02,  0.37691579E+01, -0.92667489E-06, -0.49765578E+00
    2316.,  0.79998489E+01,  0.95482004E+02, -0.12088304E+02,  0.37173646E+01, -0.90882807E-06, -0.19036139E+00
    2317.,  0.89373489E+01,  0.95482004E+02, -0.12088304E+02,  0.36655713E+01, -0.89098126E-06,  0.11693301E+00
    2318.,  0.98748489E+01,  0.95482004E+02, -0.12088304E+02,  0.36137780E+01, -0.87313445E-06,  0.42422740E+00
    2319.,  0.10812349E+02,  0.95482004E+02, -0.12088304E+02,  0.35619848E+01, -0.85528762E-06,  0.73152180E+00
    2320.,  0.11749849E+02,  0.95482004E+02, -0.12088304E+02,  0.35101915E+01, -0.83744080E-06,  0.10388162E+01
    2321.,  0.12687349E+02,  0.95482004E+02, -0.12088304E+02,  0.34583982E+01, -0.81959398E-06,  0.13461106E+01
    2322.,  0.13624849E+02,  0.95482004E+02, -0.12088304E+02,  0.34066049E+01, -0.80174716E-06,  0.16534050E+01
    2323.,  0.14562349E+02,  0.95482004E+02, -0.12088304E+02,  0.33548117E+01, -0.78390034E-06,  0.19606994E+01
    2324.,  0.15499849E+02,  0.95482004E+02, -0.12088304E+02,  0.33030184E+01, -0.76605351E-06,  0.22679938E+01
    2325.,  0.16437349E+02,  0.95482004E+02, -0.12088304E+02,  0.32512251E+01, -0.74820669E-06,  0.25752882E+01
    2326.,  0.17374849E+02,  0.95482004E+02, -0.12088304E+02,  0.31994319E+01, -0.73035987E-06,  0.28825826E+01
    2327.,  0.18312349E+02,  0.95482004E+02, -0.12088304E+02,  0.31476386E+01, -0.71251305E-06,  0.31898770E+01
    2328.,  0.33123489E+01,  0.95482004E+02, -0.12814346E+02,  0.42143134E+01, -0.10725550E-05, -0.16867224E+01
    2329.,  0.42498489E+01,  0.95482004E+02, -0.12814346E+02,  0.41625201E+01, -0.10547082E-05, -0.13794280E+01
    2330.,  0.51873489E+01,  0.95482004E+02, -0.12814346E+02,  0.41107269E+01, -0.10368614E-05, -0.10721336E+01
    2331.,  0.61248489E+01,  0.95482004E+02, -0.12814346E+02,  0.40589336E+01, -0.10190146E-05, -0.76483916E+00
    2332.,  0.70623489E+01,  0.95482004E+02, -0.12814346E+02,  0.40071403E+01, -0.10011678E-05, -0.45754477E+00
    2333.,  0.79998489E+01,  0.95482004E+02, -0.12814346E+02,  0.39553470E+01, -0.98332094E-06, -0.15025037E+00
    2334.,  0.89373489E+01,  0.95482004E+02, -0.12814346E+02,  0.39035538E+01, -0.96547412E-06,  0.15704402E+00
    2335.,  0.98748489E+01,  0.95482004E+02, -0.12814346E+02,  0.38517605E+01, -0.94762728E-06,  0.46433842E+00
    2336.,  0.10812349E+02,  0.95482004E+02, -0.12814346E+02,  0.37999672E+01, -0.92978047E-06,  0.77163281E+00
    2337.,  0.11749849E+02,  0.95482004E+02, -0.12814346E+02,  0.37481739E+01, -0.91193366E-06,  0.10789272E+01
    2338.,  0.12687349E+02,  0.95482004E+02, -0.12814346E+02,  0.36963807E+01, -0.89408682E-06,  0.13862216E+01
    2339.,  0.13624849E+02,  0.95482004E+02, -0.12814346E+02,  0.36445874E+01, -0.87624001E-06,  0.16935160E+01
    2340.,  0.14562349E+02,  0.95482004E+02, -0.12814346E+02,  0.35927941E+01, -0.85839319E-06,  0.20008104E+01
    2341.,  0.15499849E+02,  0.95482004E+02, -0.12814346E+02,  0.35410008E+01, -0.84054637E-06,  0.23081048E+01
    2342.,  0.16437349E+02,  0.95482004E+02, -0.12814346E+02,  0.34892076E+01, -0.82269956E-06,  0.26153992E+01
    2343.,  0.17374849E+02,  0.95482004E+02, -0.12814346E+02,  0.34374143E+01, -0.80485273E-06,  0.29226936E+01
    2344.,  0.18312349E+02,  0.95482004E+02, -0.12814346E+02,  0.33856210E+01, -0.78700590E-06,  0.32299880E+01
    2345.,  0.33123489E+01,  0.95482004E+02, -0.13540387E+02,  0.44522958E+01, -0.11470479E-05, -0.16466113E+01
    2346.,  0.42498489E+01,  0.95482004E+02, -0.13540387E+02,  0.44005026E+01, -0.11292011E-05, -0.13393169E+01
    2347.,  0.51873489E+01,  0.95482004E+02, -0.13540387E+02,  0.43487093E+01, -0.11113542E-05, -0.10320225E+01
    2348.,  0.61248489E+01,  0.95482004E+02, -0.13540387E+02,  0.42969160E+01, -0.10935074E-05, -0.72472815E+00
    2349.,  0.70623489E+01,  0.95482004E+02, -0.13540387E+02,  0.42451227E+01, -0.10756606E-05, -0.41743376E+00
    2350.,  0.79998489E+01,  0.95482004E+02, -0.13540387E+02,  0.41933295E+01, -0.10578138E-05, -0.11013936E+00
    2351.,  0.89373489E+01,  0.95482004E+02, -0.13540387E+02,  0.41415362E+01, -0.10399670E-05,  0.19715503E+00
    2352.,  0.98748489E+01,  0.95482004E+02, -0.13540387E+02,  0.40897429E+01, -0.10221201E-05,  0.50444943E+00
    2353.,  0.10812349E+02,  0.95482004E+02, -0.13540387E+02,  0.40379496E+01, -0.10042733E-05,  0.81174382E+00
    2354.,  0.11749849E+02,  0.95482004E+02, -0.13540387E+02,  0.39861564E+01, -0.98642650E-06,  0.11190382E+01
    2355.,  0.12687349E+02,  0.95482004E+02, -0.13540387E+02,  0.39343631E+01, -0.96857967E-06,  0.14263326E+01
    2356.,  0.13624849E+02,  0.95482004E+02, -0.13540387E+02,  0.38825698E+01, -0.95073285E-06,  0.17336270E+01
    2357.,  0.14562349E+02,  0.95482004E+02, -0.13540387E+02,  0.38307765E+01, -0.93288604E-06,  0.20409214E+01
    2358.,  0.15499849E+02,  0.95482004E+02, -0.13540387E+02,  0.37789833E+01, -0.91503922E-06,  0.23482158E+01
    2359.,  0.16437349E+02,  0.95482004E+02, -0.13540387E+02,  0.37271900E+01, -0.89719240E-06,  0.26555102E+01
    2360.,  0.17374849E+02,  0.95482004E+02, -0.13540387E+02,  0.36753967E+01, -0.87934558E-06,  0.29628046E+01
    2361.,  0.18312349E+02,  0.95482004E+02, -0.13540387E+02,  0.36236035E+01, -0.86149875E-06,  0.32700990E+01
    2362.,  0.33123489E+01,  0.95482004E+02, -0.14266429E+02,  0.46902783E+01, -0.12215407E-05, -0.16065003E+01
    2363.,  0.42498489E+01,  0.95482004E+02, -0.14266429E+02,  0.46384850E+01, -0.12036939E-05, -0.12992059E+01
    2364.,  0.51873489E+01,  0.95482004E+02, -0.14266429E+02,  0.45866917E+01, -0.11858471E-05, -0.99191153E+00
    2365.,  0.61248489E+01,  0.95482004E+02, -0.14266429E+02,  0.45348985E+01, -0.11680003E-05, -0.68461714E+00
    2366.,  0.70623489E+01,  0.95482004E+02, -0.14266429E+02,  0.44831052E+01, -0.11501535E-05, -0.37732274E+00
    2367.,  0.79998489E+01,  0.95482004E+02, -0.14266429E+02,  0.44313119E+01, -0.11323066E-05, -0.70028348E-01
    2368.,  0.89373489E+01,  0.95482004E+02, -0.14266429E+02,  0.43795186E+01, -0.11144598E-05,  0.23726605E+00
    2369.,  0.98748489E+01,  0.95482004E+02, -0.14266429E+02,  0.43277254E+01, -0.10966130E-05,  0.54456044E+00
    2370.,  0.10812349E+02,  0.95482004E+02, -0.14266429E+02,  0.42759321E+01, -0.10787662E-05,  0.85185484E+00
    2371.,  0.11749849E+02,  0.95482004E+02, -0.14266429E+02,  0.42241388E+01, -0.10609194E-05,  0.11591492E+01
    2372.,  0.12687349E+02,  0.95482004E+02, -0.14266429E+02,  0.41723455E+01, -0.10430725E-05,  0.14664436E+01
    2373.,  0.13624849E+02,  0.95482004E+02, -0.14266429E+02,  0.41205523E+01, -0.10252257E-05,  0.17737380E+01
    2374.,  0.14562349E+02,  0.95482004E+02, -0.14266429E+02,  0.40687590E+01, -0.10073789E-05,  0.20810324E+01
    2375.,  0.15499849E+02,  0.95482004E+02, -0.14266429E+02,  0.40169657E+01, -0.98953207E-06,  0.23883268E+01
    2376.,  0.16437349E+02,  0.95482004E+02, -0.14266429E+02,  0.39651724E+01, -0.97168525E-06,  0.26956212E+01
    2377.,  0.17374849E+02,  0.95482004E+02, -0.14266429E+02,  0.39133792E+01, -0.95383843E-06,  0.30029156E+01
    2378.,  0.18312349E+02,  0.95482004E+02, -0.14266429E+02,  0.38615859E+01, -0.93599161E-06,  0.33102100E+01
    2379.,  0.33123489E+01,  0.95482004E+02, -0.14992471E+02,  0.49282607E+01, -0.12960336E-05, -0.15663893E+01
    2380.,  0.42498489E+01,  0.95482004E+02, -0.14992471E+02,  0.48764674E+01, -0.12781868E-05, -0.12590949E+01
    2381.,  0.51873489E+01,  0.95482004E+02, -0.14992471E+02,  0.48246742E+01, -0.12603400E-05, -0.95180052E+00
    2382.,  0.61248489E+01,  0.95482004E+02, -0.14992471E+02,  0.47728809E+01, -0.12424931E-05, -0.64450613E+00
    2383.,  0.70623489E+01,  0.95482004E+02, -0.14992471E+02,  0.47210876E+01, -0.12246463E-05, -0.33721173E+00
    2384.,  0.79998489E+01,  0.95482004E+02, -0.14992471E+02,  0.46692943E+01, -0.12067995E-05, -0.29917334E-01
    2385.,  0.89373489E+01,  0.95482004E+02, -0.14992471E+02,  0.46175011E+01, -0.11889527E-05,  0.27737706E+00
    2386.,  0.98748489E+01,  0.95482004E+02, -0.14992471E+02,  0.45657078E+01, -0.11711059E-05,  0.58467146E+00
    2387.,  0.10812349E+02,  0.95482004E+02, -0.14992471E+02,  0.45139145E+01, -0.11532590E-05,  0.89196585E+00
    2388.,  0.11749849E+02,  0.95482004E+02, -0.14992471E+02,  0.44621212E+01, -0.11354122E-05,  0.11992602E+01
    2389.,  0.12687349E+02,  0.95482004E+02, -0.14992471E+02,  0.44103280E+01, -0.11175654E-05,  0.15065546E+01
    2390.,  0.13624849E+02,  0.95482004E+02, -0.14992471E+02,  0.43585347E+01, -0.10997186E-05,  0.18138490E+01
    2391.,  0.14562349E+02,  0.95482004E+02, -0.14992471E+02,  0.43067414E+01, -0.10818717E-05,  0.21211434E+01
    2392.,  0.15499849E+02,  0.95482004E+02, -0.14992471E+02,  0.42549482E+01, -0.10640249E-05,  0.24284378E+01
    2393.,  0.16437349E+02,  0.95482004E+02, -0.14992471E+02,  0.42031549E+01, -0.10461781E-05,  0.27357322E+01
    2394.,  0.17374849E+02,  0.95482004E+02, -0.14992471E+02,  0.41513616E+01, -0.10283313E-05,  0.30430266E+01
    2395.,  0.18312349E+02,  0.95482004E+02, -0.14992471E+02,  0.40995683E+01, -0.10104845E-05,  0.33503210E+01
    2396.,  0.33123489E+01,  0.95482004E+02, -0.15718512E+02,  0.51662431E+01, -0.13705264E-05, -0.15262783E+01
    2397.,  0.42498489E+01,  0.95482004E+02, -0.15718512E+02,  0.51144499E+01, -0.13526796E-05, -0.12189839E+01
    2398.,  0.51873489E+01,  0.95482004E+02, -0.15718512E+02,  0.50626566E+01, -0.13348328E-05, -0.91168951E+00
    2399.,  0.61248489E+01,  0.95482004E+02, -0.15718512E+02,  0.50108633E+01, -0.13169860E-05, -0.60439511E+00
    2400.,  0.70623489E+01,  0.95482004E+02, -0.15718512E+02,  0.49590701E+01, -0.12991392E-05, -0.29710072E+00
    2401.,  0.79998489E+01,  0.95482004E+02, -0.15718512E+02,  0.49072768E+01, -0.12812923E-05,  0.10193678E-01
    2402.,  0.89373489E+01,  0.95482004E+02, -0.15718512E+02,  0.48554835E+01, -0.12634455E-05,  0.31748807E+00
    2403.,  0.98748489E+01,  0.95482004E+02, -0.15718512E+02,  0.48036902E+01, -0.12455987E-05,  0.62478247E+00
    2404.,  0.10812349E+02,  0.95482004E+02, -0.15718512E+02,  0.47518970E+01, -0.12277519E-05,  0.93207686E+00
    2405.,  0.11749849E+02,  0.95482004E+02, -0.15718512E+02,  0.47001037E+01, -0.12099050E-05,  0.12393713E+01
    2406.,  0.12687349E+02,  0.95482004E+02, -0.15718512E+02,  0.46483104E+01, -0.11920582E-05,  0.15466657E+01
    2407.,  0.13624849E+02,  0.95482004E+02, -0.15718512E+02,  0.45965171E+01, -0.11742114E-05,  0.18539601E+01
    2408.,  0.14562349E+02,  0.95482004E+02, -0.15718512E+02,  0.45447239E+01, -0.11563646E-05,  0.21612544E+01
    2409.,  0.15499849E+02,  0.95482004E+02, -0.15718512E+02,  0.44929306E+01, -0.11385178E-05,  0.24685488E+01
    2410.,  0.16437349E+02,  0.95482004E+02, -0.15718512E+02,  0.44411373E+01, -0.11206709E-05,  0.27758432E+01
    2411.,  0.17374849E+02,  0.95482004E+02, -0.15718512E+02,  0.43893440E+01, -0.11028241E-05,  0.30831376E+01
    2412.,  0.18312349E+02,  0.95482004E+02, -0.15718512E+02,  0.43375508E+01, -0.10849773E-05,  0.33904320E+01
    2413.,  0.33123489E+01,  0.95482004E+02, -0.16444554E+02,  0.54042256E+01, -0.14450193E-05, -0.14861673E+01
    2414.,  0.42498489E+01,  0.95482004E+02, -0.16444554E+02,  0.53524323E+01, -0.14271725E-05, -0.11788729E+01
    2415.,  0.51873489E+01,  0.95482004E+02, -0.16444554E+02,  0.53006390E+01, -0.14093257E-05, -0.87157849E+00
    2416.,  0.61248489E+01,  0.95482004E+02, -0.16444554E+02,  0.52488458E+01, -0.13914788E-05, -0.56428410E+00
    2417.,  0.70623489E+01,  0.95482004E+02, -0.16444554E+02,  0.51970525E+01, -0.13736320E-05, -0.25698970E+00
    2418.,  0.79998489E+01,  0.95482004E+02, -0.16444554E+02,  0.51452592E+01, -0.13557852E-05,  0.50304692E-01
    2419.,  0.89373489E+01,  0.95482004E+02, -0.16444554E+02,  0.50934659E+01, -0.13379384E-05,  0.35759909E+00
    2420.,  0.98748489E+01,  0.95482004E+02, -0.16444554E+02,  0.50416727E+01, -0.13200915E-05,  0.66489348E+00
    2421.,  0.10812349E+02,  0.95482004E+02, -0.16444554E+02,  0.49898794E+01, -0.13022447E-05,  0.97218788E+00
    2422.,  0.11749849E+02,  0.95482004E+02, -0.16444554E+02,  0.49380861E+01, -0.12843979E-05,  0.12794823E+01
    2423.,  0.12687349E+02,  0.95482004E+02, -0.16444554E+02,  0.48862928E+01, -0.12665511E-05,  0.15867767E+01
    2424.,  0.13624849E+02,  0.95482004E+02, -0.16444554E+02,  0.48344996E+01, -0.12487043E-05,  0.18940711E+01
    2425.,  0.14562349E+02,  0.95482004E+02, -0.16444554E+02,  0.47827063E+01, -0.12308574E-05,  0.22013655E+01
    2426.,  0.15499849E+02,  0.95482004E+02, -0.16444554E+02,  0.47309130E+01, -0.12130106E-05,  0.25086599E+01
    2427.,  0.16437349E+02,  0.95482004E+02, -0.16444554E+02,  0.46791198E+01, -0.11951638E-05,  0.28159543E+01
    2428.,  0.17374849E+02,  0.95482004E+02, -0.16444554E+02,  0.46273265E+01, -0.11773170E-05,  0.31232486E+01
    2429.,  0.18312349E+02,  0.95482004E+02, -0.16444554E+02,  0.45755332E+01, -0.11594702E-05,  0.34305430E+01
    2430.,  0.33123489E+01,  0.95482004E+02, -0.17170596E+02,  0.56422080E+01, -0.15195122E-05, -0.14460563E+01
    2431.,  0.42498489E+01,  0.95482004E+02, -0.17170596E+02,  0.55904148E+01, -0.15016653E-05, -0.11387619E+01
    2432.,  0.51873489E+01,  0.95482004E+02, -0.17170596E+02,  0.55386215E+01, -0.14838185E-05, -0.83146748E+00
    2433.,  0.61248489E+01,  0.95482004E+02, -0.17170596E+02,  0.54868282E+01, -0.14659717E-05, -0.52417309E+00
    2434.,  0.70623489E+01,  0.95482004E+02, -0.17170596E+02,  0.54350349E+01, -0.14481249E-05, -0.21687869E+00
    2435.,  0.79998489E+01,  0.95482004E+02, -0.17170596E+02,  0.53832417E+01, -0.14302780E-05,  0.90415705E-01
    2436.,  0.89373489E+01,  0.95482004E+02, -0.17170596E+02,  0.53314484E+01, -0.14124312E-05,  0.39771010E+00
    2437.,  0.98748489E+01,  0.95482004E+02, -0.17170596E+02,  0.52796551E+01, -0.13945844E-05,  0.70500450E+00
    2438.,  0.10812349E+02,  0.95482004E+02, -0.17170596E+02,  0.52278618E+01, -0.13767376E-05,  0.10122989E+01
    2439.,  0.11749849E+02,  0.95482004E+02, -0.17170596E+02,  0.51760686E+01, -0.13588908E-05,  0.13195933E+01
    2440.,  0.12687349E+02,  0.95482004E+02, -0.17170596E+02,  0.51242753E+01, -0.13410440E-05,  0.16268877E+01
    2441.,  0.13624849E+02,  0.95482004E+02, -0.17170596E+02,  0.50724820E+01, -0.13231971E-05,  0.19341821E+01
    2442.,  0.14562349E+02,  0.95482004E+02, -0.17170596E+02,  0.50206887E+01, -0.13053503E-05,  0.22414765E+01
    2443.,  0.15499849E+02,  0.95482004E+02, -0.17170596E+02,  0.49688955E+01, -0.12875035E-05,  0.25487709E+01
    2444.,  0.16437349E+02,  0.95482004E+02, -0.17170596E+02,  0.49171022E+01, -0.12696567E-05,  0.28560653E+01
    2445.,  0.17374849E+02,  0.95482004E+02, -0.17170596E+02,  0.48653089E+01, -0.12518099E-05,  0.31633597E+01
    2446.,  0.18312349E+02,  0.95482004E+02, -0.17170596E+02,  0.48135156E+01, -0.12339630E-05,  0.34706541E+01
    2447.,  0.33123489E+01,  0.95482004E+02, -0.17896637E+02,  0.58801905E+01, -0.15940050E-05, -0.14059453E+01
    2448.,  0.42498489E+01,  0.95482004E+02, -0.17896637E+02,  0.58283972E+01, -0.15761582E-05, -0.10986509E+01
    2449.,  0.51873489E+01,  0.95482004E+02, -0.17896637E+02,  0.57766039E+01, -0.15583114E-05, -0.79135647E+00
    2450.,  0.61248489E+01,  0.95482004E+02, -0.17896637E+02,  0.57248106E+01, -0.15404645E-05, -0.48406207E+00
    2451.,  0.70623489E+01,  0.95482004E+02, -0.17896637E+02,  0.56730174E+01, -0.15226177E-05, -0.17676768E+00
    2452.,  0.79998489E+01,  0.95482004E+02, -0.17896637E+02,  0.56212241E+01, -0.15047709E-05,  0.13052672E+00
    2453.,  0.89373489E+01,  0.95482004E+02, -0.17896637E+02,  0.55694308E+01, -0.14869241E-05,  0.43782111E+00
    2454.,  0.98748489E+01,  0.95482004E+02, -0.17896637E+02,  0.55176375E+01, -0.14690773E-05,  0.74511551E+00
    2455.,  0.10812349E+02,  0.95482004E+02, -0.17896637E+02,  0.54658443E+01, -0.14512304E-05,  0.10524099E+01
    2456.,  0.11749849E+02,  0.95482004E+02, -0.17896637E+02,  0.54140510E+01, -0.14333836E-05,  0.13597043E+01
    2457.,  0.12687349E+02,  0.95482004E+02, -0.17896637E+02,  0.53622577E+01, -0.14155368E-05,  0.16669987E+01
    2458.,  0.13624849E+02,  0.95482004E+02, -0.17896637E+02,  0.53104644E+01, -0.13976900E-05,  0.19742931E+01
    2459.,  0.14562349E+02,  0.95482004E+02, -0.17896637E+02,  0.52586712E+01, -0.13798432E-05,  0.22815875E+01
    2460.,  0.15499849E+02,  0.95482004E+02, -0.17896637E+02,  0.52068779E+01, -0.13619963E-05,  0.25888819E+01
    2461.,  0.16437349E+02,  0.95482004E+02, -0.17896637E+02,  0.51550846E+01, -0.13441495E-05,  0.28961763E+01
    2462.,  0.17374849E+02,  0.95482004E+02, -0.17896637E+02,  0.51032914E+01, -0.13263027E-05,  0.32034707E+01
    2463.,  0.18312349E+02,  0.95482004E+02, -0.17896637E+02,  0.50514981E+01, -0.13084559E-05,  0.35107651E+01
    2464.,  0.33123489E+01,  0.95482004E+02, -0.18622679E+02,  0.61181729E+01, -0.16684979E-05, -0.13658342E+01
    2465.,  0.42498489E+01,  0.95482004E+02, -0.18622679E+02,  0.60663796E+01, -0.16506510E-05, -0.10585398E+01
    2466.,  0.51873489E+01,  0.95482004E+02, -0.18622679E+02,  0.60145864E+01, -0.16328042E-05, -0.75124545E+00
    2467.,  0.61248489E+01,  0.95482004E+02, -0.18622679E+02,  0.59627931E+01, -0.16149574E-05, -0.44395106E+00
    2468.,  0.70623489E+01,  0.95482004E+02, -0.18622679E+02,  0.59109998E+01, -0.15971106E-05, -0.13665666E+00
    2469.,  0.79998489E+01,  0.95482004E+02, -0.18622679E+02,  0.58592065E+01, -0.15792638E-05,  0.17063773E+00
    2470.,  0.89373489E+01,  0.95482004E+02, -0.18622679E+02,  0.58074133E+01, -0.15614169E-05,  0.47793213E+00
    2471.,  0.98748489E+01,  0.95482004E+02, -0.18622679E+02,  0.57556200E+01, -0.15435701E-05,  0.78522652E+00
    2472.,  0.10812349E+02,  0.95482004E+02, -0.18622679E+02,  0.57038267E+01, -0.15257233E-05,  0.10925209E+01
    2473.,  0.11749849E+02,  0.95482004E+02, -0.18622679E+02,  0.56520334E+01, -0.15078765E-05,  0.13998153E+01
    2474.,  0.12687349E+02,  0.95482004E+02, -0.18622679E+02,  0.56002402E+01, -0.14900297E-05,  0.17071097E+01
    2475.,  0.13624849E+02,  0.95482004E+02, -0.18622679E+02,  0.55484469E+01, -0.14721828E-05,  0.20144041E+01
    2476.,  0.14562349E+02,  0.95482004E+02, -0.18622679E+02,  0.54966536E+01, -0.14543360E-05,  0.23216985E+01
    2477.,  0.15499849E+02,  0.95482004E+02, -0.18622679E+02,  0.54448603E+01, -0.14364892E-05,  0.26289929E+01
    2478.,  0.16437349E+02,  0.95482004E+02, -0.18622679E+02,  0.53930671E+01, -0.14186424E-05,  0.29362873E+01
    2479.,  0.17374849E+02,  0.95482004E+02, -0.18622679E+02,  0.53412738E+01, -0.14007955E-05,  0.32435817E+01
    2480.,  0.18312349E+02,  0.95482004E+02, -0.18622679E+02,  0.52894805E+01, -0.13829487E-05,  0.35508761E+01
